-0.343976576266064	0.21368483228911617
-0.03279963611746086	-0.027677134923488757
-1.0095442027379784	-0.797303191067044
-1.4129286229639217	-1.5515821585387832
-1.2295916851950661	-1.0149695209449647
-0.6185701926986217	-0.21299099031441254
0.004209781627503993	0.11558983175052484
0.26223081764886147	0.9576038633224384
0.3560015951485708	-0.05863968017323862
-0.941970180931211	-0.9172471136842528
-0.09634540295734889	0.38216869991751695
-0.9335217451284179	-0.6769515335733722
-0.27530581285772593	-0.08200052846178653
-0.5462792623352902	-0.6401979463872576
-0.8230741404121333	0.39373419280898203
-0.7698615734496158	0.10659534136579367
-0.17309481854495976	-0.46978135742613863
-0.7282851966286891	0.22090922529387877
-0.7415082347121436	-0.8378694455281311
-1.1770391214971323	-0.9024661017220099
-0.8198418762442283	-0.6886158857839576
-1.0818950813635027	-0.6282333630073695
-0.2760860822030847	-0.7526844031118285
0.3410321871709839	-0.3187801753936082
-0.6141455940908375	-0.26504192473825916
-0.5691580734202997	-0.3983315846647589
-1.4253939282071346	-1.0333210339600825
-0.6418929173734448	-0.4013065393672518
-0.94716157531191	0.017603263986967866
0.15442840683342007	0.42955017765308845
0.08198419616890444	-0.020593442915979726
-0.23895811875371506	0.5022909273567598
-0.6666122153761085	-0.10840089573218753
-0.26400370342525686	-0.0663581989917812
-0.916621668167843	-0.536857013739529
-0.9129363817288355	-0.21924657974510783
-0.4666649277770066	-0.12324465704437668
-0.25078855206327477	-0.2119593222478104
-0.9117079936468825	-0.36003079798438564
-1.0330763392021458	-0.06941633771945843
-0.6941623471902396	-0.5885778442170221
-1.0311762241378253	-0.6834191158009257
-0.8047228890711626	-0.49537160344093467
-0.18784689782831326	0.1544928323468058
-0.03329328104914623	0.3918176475367797
-1.6186393176100802	-0.6395864397259797
-0.5234130988802441	0.6614874077874661
0.7782485768469688	0.7361341070330719
-0.6915588266630671	-0.20828655347050715
-0.17385716004068416	-0.306941431999578
-0.6717006120936085	-0.4010089375242799
-1.0142929322250986	-0.8441125717004784
0.20297999331390662	0.20086267041875144
-0.594759974593811	-0.4220825716967799
-0.2622411019802391	-0.018519322883287875
-0.019795851922933302	0.4342330969551244
-1.2881953710339356	-1.0693903179291222
-0.05975505207507691	0.5499984337034795
-0.436563105308486	-0.52573256726562
0.3867838678537972	0.5310787398707132
-0.1109269275448414	-0.3997358867441259
0.017077482441002958	-0.7367254413301588
0.06631410786358469	0.012097711150017745
-0.9151800097595556	-0.43921095975382907
-1.3295650922558648	-1.0658722656294584
-1.3226138162429666	-0.23039098597618468
0.25151073160936355	0.14538857172380948
0.9446254887059563	-0.058199260172940075
-1.0173759612160218	-0.7354756877425592
0.2665056136533834	0.540693513477897
-1.140050735446918	-0.6852309523762278
-0.1170810685839105	-0.24882459627079317
0.42553582001472917	0.18370297661451399
-1.0209625227526262	-0.2738072557412272
-0.49615585093626097	-0.4053590206610329
-0.5948412863519881	-0.6338572737579047
-0.8481664906243586	-0.4088191261316154
-0.34400424156267817	0.18070641289235334
-0.5208758378903532	-0.26324656326875984
-0.13707204695356429	-0.006489704616336607
-0.7835199961485084	-0.4490061715030751
-0.02843213372376101	-0.07019086391221953
-0.8654231348435109	-1.0122366487667314
-0.7906895078190335	-0.7022424293639152
-1.083854073377655	-0.3359812257568896
-1.5379772307002773	-0.3218378244166809
0.13322972678763062	-0.03688798469372127
-0.2937804982389406	0.21776732179465932
0.5134703136767772	0.35531299190035615
-0.33517200555044596	-0.925772287891463
-0.973901353925928	-0.2386565646055033
0.3606138405201515	0.6273147215501705
-1.2116884045083596	-0.8127545179145136
0.8155987446177497	0.701814698656732
1.2017695469759362	0.01082019990308848
-0.7964964283353588	-0.7604212849263307
-1.2613227008867527	-1.137919461415655
-0.26454621348858337	-0.5506972156415813
-0.7793310092322995	-0.40531950518058507
-1.0786976168033484	-0.8058047611567776
-0.09752011672516071	0.2694665035642533
-0.9275952425114695	-0.5957304789701664
-0.953773734677297	-1.278881288453931
-0.024754101832959816	-0.38906606708999847
0.4193872939887313	0.1576432172090911
0.09112969323727754	0.15295653575920332
0.3513184854137843	0.12108504503583814
-0.3357101901580952	-0.226081624168219
-0.5999053913502347	0.02935684802523411
0.7661983488608859	0.49368801977798343
-0.3077328645939303	-0.7752667663564824
-0.6058882029606377	-0.9084937547009359
0.36596961320919696	0.07518013293062138
-0.23476239619051995	-0.24941756576678453
-0.5515941496757821	-0.5866990735855917
-0.2019468860903617	-0.10949315526557517
-0.8794805621339643	-0.41132571273864954
-0.3256310403614195	-0.03896895661969973
-0.9734855113035513	-0.7353120549497233
-0.1466328517699758	-0.07625804502362807
-0.7393983198305049	-0.6603154075617578
0.12892961956256213	0.3237826151233703
-1.0088743846409791	-0.9494772217503771
-0.9482829548477312	-0.5099804270592703
-0.48995410763903063	-0.35478162943785085
-0.16738067455932115	-0.2839515328214499
-0.9057882818431577	-1.1351984762116567
-0.05769088771383968	0.37281660034268815
-0.865735667098263	-0.2914827965048974
0.5029240695090075	0.3207789033324989
-0.09650800012123759	0.3866015428896295
0.24435950977443618	0.36006361974197065
-0.04433867980841176	0.1926172805615099
-0.2123364897579775	-0.4282394239408663
-0.6335480410157659	-0.6311415503013148
-1.1120529249815594	-0.9977863435559313
-0.7821101808008065	-0.7071515730991834
-0.4971625364309752	-0.40478468019659436
-1.5125647272763858	-0.5878924929696486
-0.645460081302178	-0.24551168269882218
-1.355551357303395	-1.6358687194336372
-0.7227560035321485	-0.37397622153011933
-0.05332225560297631	-0.14855471916816657
-0.04934672795333193	-0.638441675542328
-0.06916037851094885	-0.005160809019391325
-0.7218665632264412	-0.13500586084984548
-0.06865830957715607	-0.4117194528845489
0.7091949751981564	-0.834103704233639
0.31384794321073695	0.6634501140587415
-0.6092731643897548	-0.8219679431679975
-1.0082269105005957	-1.35671886103262
-0.5205106592914336	-0.871555534953451
-0.1909435515268445	-0.2441099566102735
-0.9651206583683556	-0.9264287556456836
-0.3050064878750865	-0.3189273151028672
-0.8143375178122833	-0.34794904363988033
-0.4947796746031711	-0.13308676753191653
0.2965220104149266	0.24813565403459206
-0.25317486450591664	-1.1333685042565778
-0.6912139855902578	-0.3331857938954646
-0.2590168603284476	-0.16759861486966054
-0.4003435086037595	-0.24572187196786488
-0.6924916855774442	-0.4401536576028223
0.37597201762980437	0.3985814657057051
-0.8583657990092936	-0.43668876988681143
-0.6834548478105859	-0.3801013209734226
-0.16339473000378463	-0.6425784594487953
0.30402844378042815	0.1571929224616996
-0.6039876703799054	-0.13298098870096425
-1.174740883261053	-0.417523151544179
0.7297283904299653	1.0199398817270904
-0.322983149623263	0.00845231216649768
-1.1991304595630208	-0.901705590182235
0.42762126959718055	0.20957997260333053
-0.4188950993230139	0.547737242559858
-0.46115711893746725	-0.34781856232813263
-1.4315786218246611	-1.1578206367113977
-0.8733068197169644	-0.7098870695842586
-0.2645450262576125	-0.27357266017394016
-0.09629451750482063	-0.2282821090914567
-1.0910792100052802	-0.9907328075949109
-0.34290823400533493	-0.2907944583883223
-0.30497129506736353	-0.5965647788814177
-0.3333312400989587	-0.23460717148061833
-0.19264383760564732	0.07283561192310127
-0.3427637262553707	-0.4089521296977292
-0.030811471920629625	-0.1458509387607075
-0.5407533579922503	0.10265491539921373
0.1088269002023341	-0.36852166718863544
0.2747020219955189	0.5303232427793411
-0.21890352201564417	0.23170917256861018
-0.701759083911425	-0.3649271685332155
-0.28338315467113234	-0.5883607915568715
-0.3440501495383017	-0.05209658237282926
-0.4650903850360021	0.24778718853394502
-0.4233555986679416	-0.9336791113432782
-0.9736333986277319	-0.6437874365887498
-0.726046513962974	-0.7272332752258555
-0.7157535462937855	-0.8358721009098197
-0.5054901827398065	0.050935828093137285
-0.8960006837584745	-0.8632571410636276
0.05769617838694715	-0.19764709159726637
-0.6799133435834452	-0.6481104785545925
0.7673541278530893	0.37627453474063
-0.37898890547405606	0.2550333020620876
-0.03053644975961461	-0.09867735349453853
-0.11148665423134957	-0.22945860784036212
-1.309818018625572	-1.00756915538985
-1.146774697527631	-0.7920229494484307
-0.15206579239627616	0.12589185204958248
-0.31269668213993546	0.5168040398675203
-0.89567947113672	-0.5650191724970509
-0.532160020021766	-0.7716017062204245
-0.9675789595499062	-0.23217234754856975
-0.43900802388628435	0.5081939261124413
-0.9822057195089896	-0.49912358614153096
-0.06059288482219042	0.24016868088958668
0.14709864552136012	0.08349348747727776
-0.21693086667253766	-0.03938598600298771
-0.43576518550182713	-0.31008415968926845
-1.5125647272763858	-0.5878924929696486
-0.08656224023477518	-0.03467153483757481
0.9889517389105025	0.5437136199782162
0.36189147114845227	0.01505883628439141
-0.25469689775630483	-0.4216761495775263
-0.6012311336125163	-0.39720591764618834
-0.45300537535187896	-0.5727195315235738
-1.3064995206895411	-0.7623443156098213
-0.4268994221526811	-0.476330629327668
-0.6673515106659054	-0.8243607397516002
0.3649799678210938	0.2153820039777178
0.8756932821769904	0.907015327895721
-0.46282070654050006	-0.6645800801460539
-1.148822766533884	-0.78905373915355
-0.25249172627238436	-0.21154926384223446
1.221403822423646	1.204820534458838
-0.2680911448696122	-0.6720827285409104
-0.9319200108243176	-0.5807546337935793
-0.8730160098508049	-0.6143331942655154
-0.587272278407972	0.09742490377655201
0.708217189722504	-0.30622811236191627
-0.026004629506193176	-0.10795459703465925
-0.17438473298461707	-0.34418758969310675
-1.0954934408285528	-0.49987171745065406
-1.3206394445946352	-0.9814402130021181
-0.12265679423775734	0.12541664676965508
-1.0899027272078965	-0.9689109963559026
0.3028848669671608	0.009639372071266047
-0.6226715278470574	-0.33542876387389686
0.17752240074922593	0.22314230865679235
-1.2954120166961731	-1.0771049500448755
-0.832493995808358	-0.8215750347869025
-0.5526662405147498	-0.6261667197066169
-0.0010317683734624964	-0.4922334924353459
-0.10026630527159083	-0.48400556588696986
-1.2841374048014176	-0.968718017693294
-1.209405394274801	-0.764426434775345
-0.4977645117863227	-0.06012756122641215
-0.16289922808818996	-0.20267093600913721
-0.5771575696484711	-0.07359865221123317
-0.9813799645634086	-1.0731311205808391
-0.17181690019593235	-0.25420313839809994
-0.579112067519198	-1.235430639120435
-0.32416396042847234	-0.3793107658328211
-0.4037009602421968	-0.31465396667981244
0.008325609836574165	0.6537798781164994
-1.0415432749976734	-0.5438776940655176
0.783842043398669	1.216401850829329
-1.0834699076158394	-0.8165727360075625
-1.0144699075329928	-0.8021047316902216
-0.6376468896188775	-0.4452426176377613
0.5736636909033802	0.19725556159957103
-0.03932730843443628	-0.24191273928603488
-0.8042436661962908	-0.5698666566634143
-1.2836952431001654	-0.5127687568541043
-0.5585135195222473	-0.3623953217493407
-0.5840628576259407	-0.47844153840798637
-0.5415239482346377	-0.6650876273773366
-0.7232842594686824	-0.028629707554869495
-0.4298181782298966	-0.11890889621248107
0.2491899341983784	0.4385597796203284
-0.9006243028704398	-0.8102381121644373
-0.49285349248510896	-0.670248166820875
1.1711984024008735	0.7890144722033252
-1.0912225256737744	-0.17973963299367224
0.11134260857930438	0.3801506257272998
-1.2634985599046382	-0.1860547365010918
-0.5669008860241757	-0.6268604836969134
-0.759955417660062	-0.5969753698128238
0.19932243639437736	0.2820897260709577
0.9314006191903182	1.3339462391003647
-0.9344370208591652	0.3714844513942769
-0.6962141018232338	-0.6081134979140184
-0.9972938234937908	-0.6554483343432257
-0.30306205803223907	-0.898787050594233
-0.5217924286582702	-0.33842672053881784
1.0255027167725828	1.0286504525667957
-0.20972246780688467	-0.26421584797955017
-0.21167651676106328	-0.00805195893842732
-1.039238027184876	-0.26119134799063926
-0.6691034132589202	-0.3003509370035559
-0.5934413065705774	0.09652877965090187
-1.1810463029495495	-0.7116214891060911
0.2942316575240372	-0.2067078249179335
-0.855179946599849	-0.8005621807796732
-0.5301143551795269	-0.2696366730462439
-0.23988534718984142	0.11193303931745138
-0.12229583929649263	0.35270561535352096
-0.9447107632716658	-0.4430138907616386
-0.44242504833293467	-0.3201998024945197
0.01586310770989384	-0.7398177416394155
-0.7391772565300307	-0.21957170769849974
-0.7427093740390039	-0.31839502125033614
-0.07684205173713683	0.301130330346216
-0.7259057802998035	-0.35961158482749783
-0.4404872567658273	-0.5160283319444099
0.0907988370765281	-0.35458397729955915
0.3748955468091032	0.25087112813403434
-0.14406060340125232	-0.11045434131560047
-0.9127622037998868	-0.530061944981915
-0.5617140304114957	-0.23385329193492005
-0.3415801046192731	-0.45371832474144674
-1.2197710846848342	-0.6526306057753506
-0.6038443679622733	0.3115488667703586
-1.0565877885112942	-1.1684628671459187
-0.32791844201796905	0.47552541772910684
-0.18799459083913472	0.3828028956676115
-0.09239209418584611	0.16321886883896713
-0.4178112063119835	0.2941879689871171
-0.9986629835030282	-0.868713841706659
-0.5650126083890051	-0.12722495593817712
0.4910537336719102	-0.34967151658279744
-1.3862391547446673	-1.1489973938699918
-0.006996449489405473	0.38129169510355443
-0.76782206503079	-0.9210424009836844
-0.5577222076558656	-0.3460802220125844
-0.3765561815607389	-0.3278979743287165
-0.7019649542883415	-0.960949869270234
-0.12614643179563273	0.1010092956071472
-0.500860565803147	0.27159071713976884
-0.9267184424590665	-0.2771026644927603
-0.1629481612427168	0.15823836829826438
-0.09731645256273609	-0.057915175135438375
-0.37404668630258414	-0.09252848832952772
-0.28885177293917674	0.3987807016576012
-1.1513657970516444	-0.2787506835768509
0.5605387616117773	-0.12760177505851747
-0.6688431274230606	-0.5988387812503629
-1.1551933855926626	-0.4171505559985477
-0.9822560176709638	-0.795901156753391
-0.6026337317067209	-0.5842739838746372
-0.037200145296135655	0.6534022114163249
0.09686664840706802	0.25010170983453406
-0.7509984598567454	-0.4499954528035651
0.11580680324811846	0.2654409117769944
-0.45425415843195266	-0.8039009860572915
-0.3732441357609143	-0.03939380143623861
-0.8156656057286938	-0.4875074820906301
-0.8087485209816649	-0.4458923854858648
-0.6268377067544613	-0.9296725917557149
-0.3608119925234103	-0.5681548607213823
-0.6559874012951226	-0.11161226633896713
-0.1897573103707398	-0.14347453221932036
-0.4173220008440838	-0.5053429306939029
0.012930516788953711	-0.001674359479930912
-0.42792451316524294	-0.47685947060212297
-0.6745636444356841	0.3868504443072357
-0.4284178119093865	0.5296125971133218
1.3655328429991953	1.237064856998987
-0.5997073247951547	0.4084713526595262
-0.5174116354338546	-0.37622901537640263
-1.0045130827672948	-0.6612230180196104
-0.40187968915602773	-0.4166515385076997
-1.3755925066322	-0.989562335081912
-0.6633198870459531	0.004532199485633508
-0.07758218988153427	-0.7600145545117889
-0.5046218622546085	-0.409988008708137
-0.9769155148726669	0.0526543069719654
-1.044937995057656	-1.2209313040265626
-0.5234718374042755	-0.22247822683430812
-0.9675193092412478	-0.6539133020654951
-0.27251830450730313	0.203063795969849
-0.7813225429828068	-0.16371079882420833
-0.6276939859968229	-0.5060936785091191
-0.4418039562055646	-0.5766253593589222
-1.0669993534896554	-0.9800882788175413
-0.19382689015387186	-0.826345840734544
-0.7378135483513464	-0.8749376416221256
-0.406429925526984	0.338418395786275
-0.7231837554633278	-0.37524293771971223
-0.7533229310929066	-0.2923174630334212
-0.5948186871865252	-0.6183472883913606
-0.9460769841170278	-0.9183325846597432
-0.10644429886632902	0.3171488786285457
-0.21688276905396617	-0.3153418339847277
-0.25671296319838305	-0.023852421217559018
-0.4524261664175857	-0.2803204452221746
-0.8872553070258075	-0.56593100177867
-1.2142905211258936	-0.871332454296749
-0.29233204016178116	-0.10507943313183325
-0.3275887184883378	-0.785852602855498
-0.21250769885151294	0.33654704319712037
-0.9176090989376637	0.07791989320069298
-0.651381981378944	-0.6972889065376423
-1.2376333100003882	-0.09657039620932201
-1.3945428308883214	-1.2038346759660714
-1.1891519633539382	-1.1720856291058845
-0.8114731055510651	-1.0117438475024865
-0.9388918187701711	-0.30082371729760704
-0.44924464487005306	0.27737535311468464
-1.6440610847882016	-0.507646713011835
-0.4274477490686586	-0.005849544835987494
-0.6214048588953005	-0.5445696226966873
-0.9770006699074107	-0.5518681525673798
0.7191882879249956	0.4940148399022071
-0.5014910822178906	-0.11039127329273793
-0.05674473541262636	-0.4671141031436184
-0.5290250726320563	0.5923104664824623
-0.006651262389415321	0.646440561736707
-0.42186081912119583	-0.30787851592450577
-1.091316090017667	-0.4911888915330402
-0.23935512537573309	-0.7923147338743419
-0.0733871489381641	-0.043705004756403834
-0.47207657418527227	-0.5257230750009407
0.7290626656115315	-0.09164037108332236
-0.1766027047858477	0.25013483100089073
0.625134199944643	0.3849030992380392
-1.013368670119509	-0.07637437747665281
-0.6946817823593318	-0.493034153933322
0.2448578200084112	-0.3314037002098032
-0.3847756953231738	-0.943283403814346
-0.6199608285126695	-0.2986220068477261
-0.26464712893964737	-0.22828590953517555
-0.43062766358843935	-0.12865414317229443
-0.6941596902198638	-0.9645966411508115
0.7289391842610369	0.13823548727754512
0.2807155100351616	0.06916836034801113
-0.8054459423266229	-0.3397089154483435
-0.5782131230999423	-0.835345479377105
-0.23298991434026192	-0.5294686497934936
-0.6044559024615525	-0.6203190556457078
-0.4847154549315684	-0.06822562499681148
-0.6197779470268524	-0.5102929478728832
-0.1269326517139441	-0.014137174115424537
-0.35864549441146987	-0.1129913638515039
1.3500823391396692	0.662879780708299
-0.3627667865193124	-0.4520384825517833
-0.7546192020479444	-0.6572681357953754
0.23743871107344042	0.27967047480707663
-0.6588224952492544	-0.1583437133258983
-1.1662274215567385	-0.38481858139938235
-0.6241665125771358	-0.3839990441333161
-1.0853858069649052	-0.36005570686508837
-0.23037920922998506	-0.2829615614583428
-1.0809088306434684	-0.8002639552380327
0.6063601011231851	0.9706215634206647
0.8019655736515158	0.9425356116647465
-0.24817402253811519	-0.1440785853280344
-0.811917460760019	-0.0720543290974117
0.09065251055641264	0.4109493266083802
0.025960090840772037	0.3776772783932889
-0.6918374466633069	-0.006053079525772211
-0.7236649511858642	-0.7075964650173296
-0.8758753402962437	-0.38724311476913165
-0.4989018877775573	0.8792599125038172
-0.7774143434858815	-0.20137422769713312
-0.5608055432965108	0.04096162580753771
-0.43939876867447947	-0.5479617576055855
-1.1906205182830452	-1.1339931847236464
-1.0620414039798232	-0.8579137600295167
-0.3500373918123524	-0.23553435554037974
-0.7114767692981799	-0.1914854264013574
0.03666866339100261	0.4310507281860504
0.130622086633601	0.05103299945906828
-0.26158526694815326	-0.4504284873761884
-0.6601155365482275	-0.6129679833879008
-0.016983321959837507	-0.6917613074673613
-0.13308571484800885	-0.6782523456688511
-0.15788051260822739	-0.05141796118120844
-1.1517347534562283	-0.6123740066236822
-1.3879197112002193	-0.9174314951000644
-0.5975075104343693	-0.40313121000688673
-0.5959975380453848	-0.09654021382472709
-0.12838818929850268	0.7143392976511307
-0.637411962210251	-0.17712826833548226
-0.6790459354473505	-0.4514403228413674
1.246721669247305	1.3132791339526677
0.3511440857712777	0.45020454871934595
-0.30293557573307145	0.01695045163678359
-0.4555808788899085	-0.12197256083282985
-1.5341849527642266	-0.9839112483102697
0.3053532533102443	0.41166191369378036
-1.5855483064885865	-1.2307011398143684
-0.3174115478540023	-0.5146745741898161
-0.5754363373543557	-0.55905094290717
-1.4713131108154895	0.06060269382081887
-0.0185738323870719	0.3085667612464679
-0.9870135572440405	-0.7739011638208431
-0.6470251419331763	-0.6788807420944064
-0.32518544584045384	-0.02901067961637189
-0.21320975666393666	0.03625711467995766
-1.0437379048052473	-1.2587621678128098
0.03976484416051308	0.30039418726901435
-1.2330336285132626	-0.9419586042062258
-0.6198393568552949	-0.4045332323807699
-0.7835236388262998	-0.24475496726232274
0.764170809927754	0.09856504111020446
-0.8517697324846417	-0.14307637104478604
-0.4056577446051315	-1.1396758890488947
0.05545142264124751	-0.07823508145171866
-0.7782422592054801	-0.6661308398928254
-0.7778579272442807	-0.16174745612075592
-0.4236111818206465	0.20499014041978517
0.05141045131861234	-0.0345955761150964
-0.8203543267091654	-1.4958737183068724
-0.6698779940927752	-0.4076292103969308
-0.7109154237546208	-0.839294183718523
-0.7819493144121611	-0.48751085976197567
-0.22038761312532998	-0.059405547674800316
-0.6921421030887757	-1.146460331494265
-0.3589650306986002	-0.22955412598887245
-0.8438203878439428	0.20785875888169078
0.5144179930672429	-0.4310283917741877
-0.9382201319504218	-0.6349019084011646
-0.7352147770074505	-0.615955198081337
-0.15187302377214046	0.11538283831738008
0.36692770778157574	0.40213822976360325
-0.9211212107111058	-0.4362525318563341
-0.7281238156970946	-0.671760140548153
-0.4069940616397183	-0.182254848075339
0.7371143800842546	1.2043397435954024
-0.858126553983168	-0.7194915560071801
0.29629047279100074	0.5383032322729765
-0.23784594009360696	0.26269682305332487
-1.2211304876683904	-0.621157121941457
-0.4972332270427402	-0.5603701951697146
-0.5706298761929555	-0.13018412799211526
-0.521887846454536	-0.2515580395039894
-0.3086192377754434	-0.49623423597495386
-0.7129220479699644	-0.5419931355860458
-0.72783221754603	-0.5039859185831825
-0.41083749849260465	-0.1687953878246345
-0.19983112108304127	-0.18028179609646347
-0.22119567879365995	0.32226041610713274
-1.1214065129708535	-0.8902126648456534
0.018292918745556316	-0.649461585440329
-0.8014329477579463	-0.07913540824121071
-1.2391824870184698	-0.4386550095101778
-0.7235734601361796	-0.6147339820255264
0.09101767847882133	-0.22774779205695114
-1.1283846478059405	-0.9887824829769013
-0.6174525808033706	-0.9671885082618954
-1.1985514615567534	-0.8983835398593297
-0.043033349952833144	-0.3804885906692395
-0.26514494328447524	-0.5348276483361716
-0.4841696246016369	-0.5077952612811816
1.150106046323543	0.9323754856391723
-0.05886242006638468	0.3146650112126598
-0.4613916712952399	-0.28224016897682963
0.5191358578294459	0.08598913177483802
-0.040232667223235985	0.16171940671236157
0.5764887719715539	0.4778085803453398
-0.1506271240015237	0.731369470567104
0.3623071811859322	0.6645297098881184
-0.05149376806553803	0.05784888449332035
-0.18873285616293478	-0.1208790487610889
-1.0354815109898792	-0.5903472939031772
-0.9637208718486668	0.359650822085545
-1.0805382907031436	-0.9105821164732385
-0.25755676859621696	-0.37146206665989956
-0.879165774046845	0.6285931286470229
-0.21757864349026543	-0.20070519856105587
-0.1382359007070899	0.713237179486925
-0.9805236886784102	-1.0290848237233479
-0.4860903057950294	-0.3218567699054543
0.23129951726224787	0.6374390003935658
-0.5972493216392263	-0.44555145724128825
-1.0197860166715491	-0.2625987849420343
-0.42355267964809445	-0.13520030771971392
-1.1184027895512336	-0.8452897000839789
-0.18809385353004918	-0.31165453515417046
-0.13474884666940903	0.10794522556565772
-0.282494274253053	0.11956915518952173
-0.36218932610578525	-0.23551223158730367
-0.9767807239429005	-0.7124823481271467
-0.7761280686302122	-0.3652785358858945
-0.851380209105699	-0.4346146379362915
-1.2106437984676648	-0.49451368306004445
-0.9520015707210104	0.07668855700321002
-1.0816559055749007	-1.113069988848384
-0.4458266464966263	0.6395921770618591
-0.6043484614595438	-0.27674154132225864
-0.7979036770619339	-0.6381940889482908
-0.2083850970039436	-0.2957721979859458
0.6313165804079693	0.46156668329766565
0.31858856590852414	0.2588299868457759
-0.15282223442036005	0.48806757580127547
-1.088646447398856	0.02551002352736059
-0.41403687156104607	-0.475716446874807
-0.5050413484813314	-0.30045901564032396
-0.5117616048024125	0.0017841301219950788
-0.2489924328447348	-0.05918385851515603
-0.578252742821123	-0.6093088377622841
0.2169328444883044	0.3219928712344456
-0.32513406454666793	-0.030618575105577972
-0.17030979899686866	0.10676045455378529
-0.9890036149867059	-0.3008478474899554
-0.9016986417693968	-0.22311729104110142
-1.0764737043291357	-1.348233275986377
-0.6340276163950569	-0.22964085141942728
-0.6472244331863799	-0.7244829823364353
0.25480271163499696	-0.40150037344455974
-0.11993603957436964	-0.6394469782021024
-0.6081247662662432	-0.11797904095829806
-1.2859527617755218	-1.0091073461674818
-1.4831505264947547	-0.8104204285264308
-0.016115249183290728	0.2005950621271099
0.519322330838467	0.4670079881262174
-0.2935150626764319	-0.2590735555539213
0.057739050247282486	0.6577711886702707
-0.39578744472020944	-0.6438527918091635
-0.21536154464274795	-0.6705210604662998
-0.3659990507539213	-0.4311415410944224
0.1623115008491493	0.24358099746442358
-0.630083719300528	-0.2777130284496648
-0.5125657501217661	-0.42134899322618335
-0.16265515280496737	0.32946274867543085
-0.9857072746515887	0.2291732426958196
0.1597093745044157	-0.14932607439555518
-0.572144013306809	-0.049675789997524686
0.16439956436950048	0.33776664171768583
-0.5891800848294504	-0.41824766434771143
-1.385296156999388	-0.9499631829435298
0.2050454823731631	0.257100508904792
-0.14872374150609546	0.1400207130216083
-0.958896894719976	0.2611267132849683
-0.16271793704945697	-0.062176767322023395
-1.0516411558483905	0.12924201947433958
-0.7350721603676308	-0.6597673840706606
-0.5882610807690792	-0.3236804980224931
-0.7891526925087472	-0.5475676846804307
0.31997311692139774	0.29753605520368376
0.2578063054069115	-0.17885549503140166
-0.973938631299148	-0.7397203739199271
-1.212878870328028	-0.6656079117357125
-0.21742551023454965	-0.2206734991564152
-0.4932415035630676	-0.30024801289910624
-1.1357166779111698	0.08839675389426882
0.49468261307870615	0.19831723560204548
-0.5024496726905376	-0.6326191916507199
-0.9755549621634897	-0.2759476220563034
-0.6801027259672526	-0.5134220954816545
-0.5162163894563419	-0.041073141849701705
-0.8066774968799671	-0.10067647154048519
-0.5189573549425578	-0.34481843647995153
-1.0248140305862754	-0.4935978405785647
-0.6255365672138546	-0.9732256660044404
-0.635236651555457	-0.5590698149526983
0.6138175954680789	0.3544234873124693
0.31370666522500046	0.059953986686744336
-0.534045574842837	0.05156042069636407
-0.5480530370027624	-0.7826527373953311
-0.366807892030856	0.32046916096201933
0.2564784736983209	-0.5514569210805106
-0.4483587722828212	-0.44810540572041296
0.2394123164350995	0.5554702248090878
0.13479540310615995	-0.125517175548708
-0.740463783301911	-0.5969743091000032
-0.8554445147501588	-0.42961187028382913
-0.398806699160486	-0.3482476098616847
0.26526340872503423	0.18795304367611493
-0.47749079272599293	-0.4595110376834203
-0.24488608176720258	-1.5156495527425469
-0.4300429885139204	-0.3375972032099213
0.6513923776195703	0.21057262802453985
-0.8446918597571275	-0.3093123970066635
-0.4156132858585986	-0.35682104792411895
0.01662461585109025	0.7230516274457924
-0.9985399869254892	-1.058282830460846
-0.553207327398048	-0.40021416464405474
-0.9603790961296378	-0.7629663248571379
-0.7715729934204217	0.05977846844518852
-1.2129512648605438	-0.9565656532137459
-1.0311265290479183	-0.6104173007413621
-0.8062374652479412	-0.9592954160709773
-0.24398878114555766	0.34454805500176977
0.047090444409709026	-0.13543222156247373
0.047801943303732504	0.2773513441687117
-0.7606816967751598	-0.46443518720778443
-0.4145505745136023	-0.03761645648820913
-1.084689441690252	-0.9197308905137979
-0.1803563310604995	0.3974723091673646
0.10349539444941472	-0.23511859366258292
0.16494845342321512	-0.44657275793562184
0.29380991171655013	0.3096651367012266
-0.652524424166248	0.1754746786183222
-0.9223041390023962	-0.33298823851022613
-0.262248697062752	0.14889859533154381
1.1499327058230029	0.15217379276172843
-1.1730498053555214	-0.41267802056789793
-1.1761739162371865	-0.9733555681351507
0.2505416044730386	0.021068725179869165
-0.33957969849157915	0.041801477485576805
-0.3329748541194604	0.7272614538349714
-0.16033964677639273	0.06313742988093254
-0.9855821351483668	-0.911250446824853
1.140349050255245	0.8327712837069229
-0.4671550713544391	-0.8680858527828842
-0.2839128889415514	-1.529093657856944
-0.3328739906617954	-0.12409306660748123
-0.2526071409174095	0.03762228821215695
0.09278533985060503	0.38281730765938965
-0.3219809467210286	-0.19310781411960262
0.8384526079200455	0.6974566947475073
0.15830885031548128	-0.013984268605100048
-0.8540527407426273	-0.29308925745411796
-0.5340503334978393	-0.5691131324861188
-0.7147691500119937	0.042096640479593835
-0.6088716610905198	-0.39311548448733713
-0.35679684065462464	0.09770216283297177
-0.7882133427579197	-0.569281011814737
-0.8038486770380064	-0.8302047526145837
-0.5223744325870768	0.1910483072311665
-0.9112476217083821	-0.1190551031432638
-0.07724221347406429	0.009231148057274327
0.712236373710919	0.16169024675595994
0.09169912483788424	0.4059516261647643
-0.7785894647539865	-0.5563901115214522
0.1252246399337106	0.8746156852042868
-0.4142890470918103	0.4110864581380132
-0.6386062922414149	-0.46227734708081336
-0.8030473827486396	-0.509714967085917
-1.030184384484288	-0.9094901650918149
-0.38351467311654186	-0.4493871266334414
-0.9579063330482086	-0.651343367385199
-0.978084622607229	-1.1291453504043705
-0.605334205132978	-0.31069393040165305
-0.5507288508968031	-0.6564571252069982
-0.5820996679490393	-0.35184376255223776
-0.6009542548393862	-1.3249807122284107
-0.742977451577549	-0.38929763431267184
-0.13380305010462484	-0.28076288439701086
-0.6595217130948633	-0.7298994868753549
1.0058576288202312	0.2786494368643031
-0.6047643564922228	-0.7206069289740323
-0.5076874013855399	-0.5378430441875757
-0.035353791640934024	0.5156038930103664
0.175299556586899	-0.2919489963312688
-0.7912532276777242	-0.6911009591563625
-0.7746587088620407	-0.5534758396841405
-0.35671475828873656	-0.18480907712030753
-0.873765056594617	-0.6981955038795824
-0.723783450867206	-0.37355942336449743
-0.10119947452292709	-0.41742537374828914
0.3929909575132171	-0.13194202188295245
-0.7594926521787952	-0.806508115928323
-0.3530218906095538	-0.4189381516171133
0.9334417205221384	0.08020016082418834
-0.20683925504900114	0.24236889746865556
-0.14118859007878712	-0.3511357673068993
-0.7375873791807518	-0.7061024376708035
-0.035183295881944326	-0.12306312192514093
0.7124856554097847	0.35662619943188417
-0.3262599911611791	-0.7177600407012822
0.783590702519953	0.7414483123286687
0.4238443486159398	0.21135770820341232
-0.882837355116663	-0.7011276376326558
-0.9138331896633795	-0.5177764026510578
0.11722040514099152	0.5406411904497739
-0.35461152736591367	-1.086511068402606
-0.8159605645659509	-0.18478787663654186
-1.0451258541717376	-0.18705971646991723
-1.459143917362443	-0.9135682593999432
-0.9454479261919161	-0.38245677395553374
0.14192047606194677	0.3213100654926517
-0.45578827232575114	0.12789202269353594
-0.9612899701144207	-0.9821647103227035
-0.31021492930446737	0.45278254211296054
-1.0922387064978947	-0.12250000679304231
-0.5962426142876003	-0.16709950673428153
-1.0970971998329309	-0.5337078237126734
-0.7924767775773808	-0.6007663459442308
-0.4262551122901934	-0.44113922980726034
-0.8681577652459367	0.3680060366571657
-0.8171768296748818	0.1697684633138002
-0.8574995534941553	-0.6314222357003635
-0.7300992110566121	-0.6018760602537084
-0.9543484479636508	-0.5204463444880753
-0.5392259446492672	-0.7739377711460319
-0.5741064735903556	-0.24874269580085223
0.41725364800103076	0.4665241234166288
0.2920405268567097	0.4196979796625819
-0.8641520553753971	-0.7588831648692511
-0.4861948013047431	-0.20204667973383642
0.29852147547255803	0.13152907364590213
-0.6278283225979867	-0.1247193587933148
0.004763192581476196	-0.5163686223406415
-0.9598923411816329	-0.6248506732880814
-0.35258441116302736	-0.18177965456194667
-0.28605491466684607	-0.2556245699681426
-0.5886235501855374	-0.07161734279725086
-0.6361001272016572	-0.7125700769056323
-0.5971206827877145	-0.6364535956324029
0.5765376434652194	-0.2733287582710294
0.1566102652419847	-0.22078400351500138
-0.6667922417008462	-0.8026263509121264
-0.3802417654921832	0.05136835634977429
0.049719677437486245	0.19508668322543066
-1.0099470345497035	-0.49620203362571574
-0.34678461164773194	-0.7153743163551601
0.04800719183657921	-0.47233686710365747
-0.055331387208881755	-0.09214057033716393
-1.0541306425302204	-0.6193678639010676
0.14057365358369175	-0.3446377385237031
-0.011669650008031779	0.21312004149931052
-0.7298446175790836	-0.0914513048395209
-0.678729515357802	-0.12068273522456605
-1.3708759938492332	-0.8088434178323521
-0.809073064258252	-0.678997702350538
-1.247742799849332	-1.2679674882760277
0.07831311537681873	0.8514697243459819
-0.802152292288541	-0.9709753420582041
-0.13840425577467474	-0.19949362497381634
-0.36404341790594663	-0.33340878886053354
-1.2697196628507208	-0.6059796522002686
-0.7289465507350837	0.43936139407683694
-0.5744931214017777	0.46019747517929893
-0.9466069807608914	-1.2321135268627206
-0.7228485099291095	-0.31749036575733164
-0.756571440410058	-0.519403468601269
0.16505066489974685	-0.8369366754516998
-0.008295695621143136	0.21346196061462594
-0.8541469301549819	-0.1416840589896745
0.17163555853051177	0.12221757738592282
0.7010892490468654	-0.4213079587352043
0.36377837014381037	0.1796495113881964
-0.12208430691464628	-0.24922557860966948
-0.16979214919343963	0.20454714498386664
-0.8056354750419754	-0.6768485649039229
-0.29278471087211344	0.7112974467510152
-0.8403444220815172	-1.0670343546883267
-0.7995650205106728	-0.6590666123789269
0.29161885167799356	0.27454786182534524
0.2869608759209392	0.18022135090132488
-0.8646074967345144	-0.7359632152281552
-0.1510975063208712	-0.20765637603523288
-0.049871793512473526	-0.8842803305725941
-0.2548557932897038	-0.6451047510870641
0.1372714436227803	0.31204360949003823
-0.6872455983932944	-0.4145061404958573
0.2729512117515392	0.08357049858590362
0.5919077322619213	0.17355406258617148
-0.33344284109103167	-0.10734776896531954
-0.5805923441271686	-0.3867846513376957
-0.7307726798569899	-0.6239392250542329
-0.24837859038235868	-0.160172310665523
-1.1906715686569953	-1.2046790146345305
-0.6912118205684656	-0.5121818423861388
-0.36690093778650257	0.3323688137981544
-0.7302273332870381	-0.516765253223698
-0.39025066466314273	-0.43035593047237874
0.25300637565200973	0.12497732852086695
-1.0795079361177702	-0.2296988758284467
-1.2119940900134316	-0.39274579269386073
-0.384557316113951	-0.5408549918207235
-0.7133082814693105	-0.3821793934744424
-0.46139403832513015	-0.17424134856573747
-0.47035137711747166	0.5528115045764569
0.3647412050787491	0.08693879830055226
-1.2174060955229826	-0.42252065798346744
-0.3347929983920137	-0.31218342530381304
-0.4600392555768963	0.03020591530860064
-0.2802111644431793	-0.04709645687872481
-0.3473962184788365	-0.18506838202688455
-0.8693925247975307	-1.008677820200151
-1.0112237495232712	-0.7666748696980926
-0.25252962970751863	-0.07655876411233645
-0.3506368102109375	-0.742532870863046
0.08611279638393578	-0.8325089271705434
-0.36675546278645504	-0.6525078115414229
0.45479384753695734	0.24073071437207338
0.09676856870735896	0.014682080206921069
-0.8291708058038744	-0.7418300659157178
0.330351836305364	0.7609310715846805
0.11865452747778793	0.1526647576947824
-0.4155269893711424	-0.4819827507049191
0.1902728618649318	0.3271818923203747
-0.40879213790764063	-0.6491385826922695
-0.39777019219760434	-0.3232234829157704
-0.29729990069598095	-0.22753701522824604
-0.6183368788521263	-0.594861089662035
-0.379629447922048	-0.27653565147579695
0.21002339352875407	0.13888796933217137
0.2512152975961269	0.439457185326514
-0.3455691572235483	-0.2087872430366214
-0.7668483389382817	-0.11818426943727042
-0.6728727192791748	0.3816717628210403
-0.44225829840756414	-0.26188159842061154
-0.7743657229475267	-0.9435721395481279
-0.4722298603082358	-0.3953280246060421
0.08207958562224177	0.5145817904246724
-1.3931483538785383	-0.6447783682776342
-0.38976904786186883	-0.8777372808129366
-0.35261473601529486	-0.19514823241718277
-1.1832416186121328	-1.0342386287310215
-1.0410776557142516	-0.9296700393337856
-0.3007038223124189	-0.5586783220345322
-0.6478286168442473	-0.5455912474508982
-0.28923476246243696	0.05810597794907641
-0.43524828090209583	-0.6509965677711883
-0.32554701550164106	-0.33513474422581374
-0.6955853082750652	-1.0353921908691492
-0.6765237067304005	-0.4560393849463872
0.16020521355936432	-0.046932617911866634
0.12098087530647006	0.05003628577589204
-0.27864208800225454	-0.30133564532905865
-0.18408132370529479	0.16779862795354125
-0.6924298663587509	-0.7409661929560933
-0.7968882938494194	-0.6433567399788623
-1.1294042279631764	-0.6384052938681688
-0.5965208406597778	-0.6408532290929619
0.41024184014635234	0.2273973661887494
-0.6452723167870703	-1.1408825915819327
-0.8090570422566581	-0.07858803010931478
-0.2347336139172186	-0.012491847375919147
-0.6811025131697955	-0.31578618282623633
-0.5104680808162899	-0.17270107603627893
0.4942067008462428	0.767902802009702
0.0707986997470984	0.5009214970031546
-0.8219983878317332	-0.7571754797350666
-0.6228167646586035	-0.21567780981251153
-0.8161499173315797	-0.11031823990722965
-0.32565471631628023	0.21937934078450647
-0.6288881305935059	-0.37655941212823807
-1.1779576898471813	-0.8217259051006038
-1.0340023664931255	-0.7420642584464117
0.4539235930560323	0.36385498607408795
0.6279135232032867	0.14096108823912884
0.011743069431889377	0.015240468691088877
-0.3577483739565825	-0.22927358126823752
-0.5924369195344098	-0.6517107005179261
-0.3544512870977633	-0.27295851277674366
-0.07480369196394815	0.26175002640750045
-0.06339054701345762	0.08227998428513204
1.0705228453470723	1.1116132411662911
-0.7483732983827028	-0.9809697735221756
-0.7764745852053591	-0.25015097876022163
-0.5041034675880532	-0.7189095513330489
-0.3936021790998658	-0.5620322173969455
-0.7818344301817585	-0.3167234825104397
-0.21651466243030193	-0.3675619431230938
-0.5209079061169224	-0.4432254810140085
0.23543631890759859	0.2673093515645886
0.32077775752497734	-0.1262490369902356
0.5145761813385383	0.551762343066066
-1.3190665513900355	-0.42545185449606854
0.5352212812650963	-0.47386377591483053
-0.752680980606114	-0.34911354938491534
-0.2860850399128204	-0.09868394362662158
-1.0061157827444809	-0.7942521435099439
-0.9545831654937376	-0.9215047464053262
-1.571814018799147	-1.0523557183970933
-0.1894564027185468	0.282413238189928
-0.7224377819643657	-0.462110208543794
-0.4607397784946908	-0.7284497553635653
-0.5677937605957291	-0.2823586024485136
-0.1751215394905002	0.588325689986927
-0.9657758614674582	-1.0388680824521352
-0.26434695478277104	-0.589021375642922
-0.48087064086379083	-0.8015220554884946
-1.0711801530860268	-0.7615846666099281
-0.9403430133297777	-0.2967844032213169
-0.7762758705637769	-0.1560875806382396
-0.5194287540995046	0.38045115919023603
-0.7280771010363156	0.6381605438232133
-0.0699278772625895	0.24688417673287447
-0.9682284869785035	-0.6773466324902202
-0.18797750331089366	0.12353190943741313
-0.8180739274814148	-0.5071875343867208
-0.2483605322761214	-0.5146939181987861
-0.41811776197816375	-0.2601484224120034
-1.2455765812720685	-1.3678166397110054
-0.5845401075709533	-0.5297408925105602
-0.5904648765222584	-0.6567164976258093
0.9605075782588827	0.04968949443168358
-1.255965075050801	-0.9023102051510152
-0.41759220929830804	-0.02240202833596791
0.08670517657297207	0.0534710528237608
-0.8856370902248769	-0.9428971995449454
-0.27991812750269757	-0.18350222715023684
-0.8613783774051418	-0.6541643101941081
-0.22562883869280018	-0.11042076206403129
0.2159863006405272	0.6703729886118364
0.2568678259020722	0.45594390594024936
0.017672591082497795	0.2597008196427025
-1.3826417050144597	-0.2905242049510319
-1.1468519314201142	-0.9272819922611125
-0.47590910814945964	0.18922420499323184
-1.2866517978083334	-0.7294627181041972
0.2459085669137171	0.677242300853928
