-0.343976576266064	0.08863345960803454
-0.03279963611746086	0.34051705972485785
-1.0095442027379784	-0.7437199484793179
-1.4129286229639217	-1.2764160122287893
-1.2295916851950661	-0.8448788625178482
-0.6185701926986217	0.07876358124296971
0.004209781627503993	0.37627800087777635
0.26223081764886147	-0.13399939496110677
0.3560015951485708	1.132821928167094
-0.941970180931211	-0.284790170935024
-0.09634540295734889	-0.025764668234385
-0.9335217451284179	-0.6572163131286413
-0.27530581285772593	0.011910827271920213
-0.5462792623352902	-0.4407777028297292
-0.8230741404121333	-0.5754581001496594
-0.7698615734496158	-0.4821309916873649
-0.17309481854495976	0.16887118712521815
-0.7282851966286891	-0.17325605430221397
-0.7415082347121436	-0.14207807635354033
-1.1770391214971323	-0.5317970424278171
-0.8198418762442283	-0.5092552125907592
-1.0818950813635027	-0.18968394051662804
-0.2760860822030847	-0.3519237561432696
0.3410321871709839	0.7480444804716548
-0.6141455940908375	-0.09769088333214157
-0.5691580734202997	0.16260293257489442
-1.4253939282071346	-1.1699574252574074
-0.6418929173734448	-0.09506306908310289
-0.94716157531191	-0.5573809695717825
0.15442840683342007	0.4858997477276885
0.08198419616890444	-0.37574148388300505
-0.23895811875371506	0.08731467406021917
-0.6666122153761085	-0.32195214154120927
-0.26400370342525686	0.18994244216262685
-0.916621668167843	0.05508167809777158
-0.9129363817288355	-0.4210820153776901
-0.4666649277770066	0.6366186853436865
-0.25078855206327477	0.024997795572133847
-0.9117079936468825	-0.3954076875436746
-1.0330763392021458	-0.39010344227501625
-0.6941623471902396	-0.274043628023572
-1.0311762241378253	-0.13704550350237868
-0.8047228890711626	-0.2857324699547133
-0.18784689782831326	0.03873418016033758
-0.03329328104914623	0.3287535830648767
-1.6186393176100802	-1.4151055568439892
-0.5234130988802441	-0.25795179323423095
0.7782485768469688	0.852742270782493
-0.6915588266630671	-0.05432661260885089
-0.17385716004068416	-0.0721211680176104
-0.6717006120936085	-0.7806659109121494
-1.0142929322250986	-0.5915902044754936
0.20297999331390662	0.12783669046087046
-0.594759974593811	-0.46763071867506656
-0.2622411019802391	0.1069401490156299
-0.019795851922933302	0.6668907840727397
-1.2881953710339356	-0.692513511857501
-0.05975505207507691	0.6035910294590522
-0.436563105308486	-0.5341442845185362
0.3867838678537972	0.7089961933727682
-0.1109269275448414	0.31356899099163915
0.017077482441002958	0.20196864617599594
0.06631410786358469	0.2723921355409111
-0.9151800097595556	-0.7792239109897774
-1.3295650922558648	-0.6801755568173302
-1.3226138162429666	-1.133573789139542
0.25151073160936355	0.37770092581380343
0.9446254887059563	0.8872342990728482
-1.0173759612160218	-0.7170420762978655
0.2665056136533834	1.0008446225095942
-1.140050735446918	-0.5421849609236905
-0.1170810685839105	0.6996029952156547
0.42553582001472917	0.7154903953453927
-1.0209625227526262	-0.71362565959824
-0.49615585093626097	0.8280021459608546
-0.5948412863519881	-0.19058357109581459
-0.8481664906243586	-0.5503084728977703
-0.34400424156267817	0.2266448935263803
-0.5208758378903532	-0.268052475537483
-0.13707204695356429	0.042415870960495136
-0.7835199961485084	-0.5230815964925152
-0.02843213372376101	0.16181261610259629
-0.8654231348435109	-0.7690645601437117
-0.7906895078190335	-0.6033309874522729
-1.083854073377655	-0.5490696221077978
-1.5379772307002773	-1.2329369152354783
0.13322972678763062	0.3540610604296672
-0.2937804982389406	0.11355636565479936
0.5134703136767772	0.7135957530681203
-0.33517200555044596	-0.23857385993882366
-0.973901353925928	0.16671301406895678
0.3606138405201515	0.38510614875753146
-1.2116884045083596	-0.4910972345678812
0.8155987446177497	0.8150045460122641
1.2017695469759362	1.3447900300112707
-0.7964964283353588	-0.024297926105654732
-1.2613227008867527	-0.8222958536893065
-0.26454621348858337	0.28637911682624184
-0.7793310092322995	-0.686250261095551
-1.0786976168033484	-0.37518846544424916
-0.09752011672516071	0.2090056876270246
-0.9275952425114695	-0.3101925166105758
-0.953773734677297	0.10120732585050748
-0.024754101832959816	0.7201977362559582
0.4193872939887313	0.5970414692474837
0.09112969323727754	0.41263887513831377
0.3513184854137843	0.5596633597828965
-0.3357101901580952	-0.07625135520564116
-0.5999053913502347	-0.10061591694994147
0.7661983488608859	1.005905894316457
-0.3077328645939303	0.33379727486440913
-0.6058882029606377	-0.3525386414947728
0.36596961320919696	0.41695331930492363
-0.23476239619051995	-0.11619501070951054
-0.5515941496757821	0.10185974572169944
-0.2019468860903617	-0.12303204299157842
-0.8794805621339643	-0.4219232214011062
-0.3256310403614195	0.09162023985603043
-0.9734855113035513	-0.6989389789858057
-0.1466328517699758	0.23720022892345333
-0.7393983198305049	-0.09481670657430609
0.12892961956256213	0.7091964009723164
-1.0088743846409791	-0.843528542647147
-0.9482829548477312	-0.4763398982873209
-0.48995410763903063	0.29352525924432965
-0.16738067455932115	0.03583223485628331
-0.9057882818431577	-0.6739051832587389
-0.05769088771383968	0.8335090193856668
-0.865735667098263	-0.34517065639143696
0.5029240695090075	0.5840446382702912
-0.09650800012123759	-0.11678187267130014
0.24435950977443618	0.6510127755359316
-0.04433867980841176	0.38752070482335116
-0.2123364897579775	-0.05154561259926532
-0.6335480410157659	-0.254127258344327
-1.1120529249815594	-0.9069792888565639
-0.7821101808008065	-0.5519223329263682
-0.4971625364309752	-0.32211117942822753
-1.5125647272763858	-1.1141243696858392
-0.645460081302178	-0.0936284897998821
-1.355551357303395	-1.1205565647275175
-0.7227560035321485	-0.4148719750555369
-0.05332225560297631	0.39837440570554816
-0.04934672795333193	0.07810110165882397
-0.06916037851094885	0.35446753948176885
-0.7218665632264412	-0.5244426223751797
-0.06865830957715607	-0.3629338649292487
0.7091949751981564	1.020301587888655
0.31384794321073695	0.6836166666326419
-0.6092731643897548	-0.19062453226118026
-1.0082269105005957	-0.4766255685121905
-0.5205106592914336	0.0009917269213289785
-0.1909435515268445	0.051214991217692865
-0.9651206583683556	-0.46197313142193114
-0.3050064878750865	-0.16349811480653356
-0.8143375178122833	-0.6101220747020235
-0.4947796746031711	0.26747469927648154
0.2965220104149266	0.3608152530506535
-0.25317486450591664	0.8558392387037094
-0.6912139855902578	-0.2321416062888488
-0.2590168603284476	0.13321875314746445
-0.4003435086037595	0.34388592837422716
-0.6924916855774442	-0.3340157661183523
0.37597201762980437	0.6822563473866761
-0.8583657990092936	-0.1327011643436837
-0.6834548478105859	0.236644894838418
-0.16339473000378463	0.004022105603301442
0.30402844378042815	0.5379771541378947
-0.6039876703799054	-0.03331021857128911
-1.174740883261053	-0.2703095910040521
0.7297283904299653	0.8854650738214708
-0.322983149623263	-0.13190283386486767
-1.1991304595630208	-1.0699866746476214
0.42762126959718055	0.8530505673683968
-0.4188950993230139	0.10147891509411183
-0.46115711893746725	-0.040093644647629205
-1.4315786218246611	-0.7675890470116942
-0.8733068197169644	-0.860559042941734
-0.2645450262576125	0.006880977555426884
-0.09629451750482063	0.43100617455302115
-1.0910792100052802	-0.9575245839955995
-0.34290823400533493	0.3167238294662256
-0.30497129506736353	-0.08011269553324675
-0.3333312400989587	-0.10130518917022963
-0.19264383760564732	-0.0005120490936253078
-0.3427637262553707	-0.29598749794068024
-0.030811471920629625	0.3626163071586305
-0.5407533579922503	0.09090817766738338
0.1088269002023341	0.3308787298434553
0.2747020219955189	0.5650473614610401
-0.21890352201564417	0.7134725037409186
-0.701759083911425	-0.46326199835293735
-0.28338315467113234	-0.13711227042837917
-0.3440501495383017	-0.05874245469847658
-0.4650903850360021	-0.20655250260638555
-0.4233555986679416	-0.2694743270739462
-0.9736333986277319	-0.517960192348212
-0.726046513962974	-0.20877561416764687
-0.7157535462937855	-0.14940098773045982
-0.5054901827398065	-0.15676133390735691
-0.8960006837584745	-0.31977168818015084
0.05769617838694715	0.8466027750499799
-0.6799133435834452	-0.04444165596490764
0.7673541278530893	1.4004919359696106
-0.37898890547405606	-0.03444825456950202
-0.03053644975961461	0.48092538527421363
-0.11148665423134957	-0.09979152398772217
-1.309818018625572	-1.0265065453362565
-1.146774697527631	-1.011152502600165
-0.15206579239627616	0.041547570464256514
-0.31269668213993546	-0.06676255198817257
-0.89567947113672	-0.37543839936348716
-0.532160020021766	-0.5480947012072587
-0.9675789595499062	-0.36580522239566515
-0.43900802388628435	-0.029706185608772605
-0.9822057195089896	-0.5892270362178321
-0.06059288482219042	0.4291378221349932
0.14709864552136012	0.25833713187982793
-0.21693086667253766	0.32342842177709247
-0.43576518550182713	0.0029065869822696108
-1.5125647272763858	-1.1141243696858392
-0.08656224023477518	-0.005242453726944469
0.9889517389105025	1.415183325543315
0.36189147114845227	0.49982161930939356
-0.25469689775630483	-0.45902067168178834
-0.6012311336125163	-0.5004702195226806
-0.45300537535187896	-0.41564168304597465
-1.3064995206895411	-0.9957779681704639
-0.4268994221526811	-0.22014780011982996
-0.6673515106659054	-0.8151007314782046
0.3649799678210938	0.37477183424929933
0.8756932821769904	1.0850087085065776
-0.46282070654050006	-0.26637461687152436
-1.148822766533884	-0.40551730575955053
-0.25249172627238436	0.24434720733119383
1.221403822423646	1.2103774027908205
-0.2680911448696122	0.18141791938231294
-0.9319200108243176	-0.4366344581945225
-0.8730160098508049	-0.6117579437061995
-0.587272278407972	0.08198349157427863
0.708217189722504	0.85613446975375
-0.026004629506193176	0.05826174435690638
-0.17438473298461707	0.2887798208573254
-1.0954934408285528	-0.3500490683604038
-1.3206394445946352	-0.932899935013476
-0.12265679423775734	0.07157161752039688
-1.0899027272078965	-0.883300213876783
0.3028848669671608	1.1476935577113072
-0.6226715278470574	-0.06764248167134983
0.17752240074922593	0.31076089320412914
-1.2954120166961731	-0.7612998503201118
-0.832493995808358	-0.3516892259915693
-0.5526662405147498	-1.0534550005398522
-0.0010317683734624964	0.4441624969765839
-0.10026630527159083	-0.04440382253804344
-1.2841374048014176	-0.6898243389676962
-1.209405394274801	-0.7292077563921161
-0.4977645117863227	-0.03606984549352878
-0.16289922808818996	0.10231670440738212
-0.5771575696484711	-0.08074429408017568
-0.9813799645634086	-0.00023578164994551438
-0.17181690019593235	0.2533515641446371
-0.579112067519198	-0.14331391354979955
-0.32416396042847234	-0.008489369291420879
-0.4037009602421968	-0.22094522948319034
0.008325609836574165	0.5689140745143476
-1.0415432749976734	-0.7361531511018388
0.783842043398669	0.5994966512360569
-1.0834699076158394	-0.7460137264254036
-1.0144699075329928	-0.5469151190141365
-0.6376468896188775	-0.45193479477218135
0.5736636909033802	0.37874019767403283
-0.03932730843443628	0.09340545560667123
-0.8042436661962908	-0.5171744113432182
-1.2836952431001654	-0.7372691482965631
-0.5585135195222473	0.27839173196624345
-0.5840628576259407	-0.2068031253768844
-0.5415239482346377	-0.39642214797486985
-0.7232842594686824	-0.358155922586991
-0.4298181782298966	-0.1992740537575059
0.2491899341983784	0.8058437173654512
-0.9006243028704398	-0.5888612221412778
-0.49285349248510896	-0.2135686470077482
1.1711984024008735	1.1476903172764694
-1.0912225256737744	-0.5575314218714282
0.11134260857930438	0.4219001536104697
-1.2634985599046382	-1.1502905986299767
-0.5669008860241757	-0.0626017336202584
-0.759955417660062	-0.22285726377195922
0.19932243639437736	0.20076716278325726
0.9314006191903182	0.8145285856322306
-0.9344370208591652	-0.5152282683606231
-0.6962141018232338	-0.023556045791573957
-0.9972938234937908	-0.5598920120693368
-0.30306205803223907	-0.07611819857173785
-0.5217924286582702	0.28105240865582193
1.0255027167725828	1.3315861818773826
-0.20972246780688467	0.5181651242677435
-0.21167651676106328	-0.08118416375870463
-1.039238027184876	-0.36361258659160206
-0.6691034132589202	-0.5783906277517334
-0.5934413065705774	0.16810090837806127
-1.1810463029495495	-0.2320975397876439
0.2942316575240372	0.9391625187111041
-0.855179946599849	-0.8153452952476034
-0.5301143551795269	0.21849202426086078
-0.23988534718984142	0.30786489164720277
-0.12229583929649263	0.32655505732860374
-0.9447107632716658	-0.3711777653585404
-0.44242504833293467	-0.4080025645550911
0.01586310770989384	0.2609785232755999
-0.7391772565300307	-0.37177783462285197
-0.7427093740390039	-0.056908493657872906
-0.07684205173713683	0.5946984716116256
-0.7259057802998035	0.1524950853781863
-0.4404872567658273	-0.24685482547000018
0.0907988370765281	0.5451579856607741
0.3748955468091032	0.5299228395781284
-0.14406060340125232	0.23176042376805125
-0.9127622037998868	-0.618829443373414
-0.5617140304114957	-0.06587530384572625
-0.3415801046192731	0.7910783364915848
-1.2197710846848342	-0.7606417397251445
-0.6038443679622733	-0.26836816635814814
-1.0565877885112942	-0.8668538389221112
-0.32791844201796905	0.24778057925602653
-0.18799459083913472	-0.11553944414289048
-0.09239209418584611	-0.04702762663077847
-0.4178112063119835	-0.7406090700459492
-0.9986629835030282	-0.7361624945117986
-0.5650126083890051	0.2976180909097416
0.4910537336719102	0.843185642727773
-1.3862391547446673	-0.7655004894000165
-0.006996449489405473	-0.34991647802538717
-0.76782206503079	-0.3777558024318633
-0.5577222076558656	-0.297194789887764
-0.3765561815607389	-0.39743104020137476
-0.7019649542883415	-0.47921272746282223
-0.12614643179563273	0.10178932760234093
-0.500860565803147	0.1258919568709528
-0.9267184424590665	-0.43353396836211183
-0.1629481612427168	0.13436039030743335
-0.09731645256273609	0.3787821303694827
-0.37404668630258414	-0.2900789029099508
-0.28885177293917674	-0.002122174610652354
-1.1513657970516444	-0.5038701454339314
0.5605387616117773	0.16436337799045
-0.6688431274230606	-0.15606445728815868
-1.1551933855926626	-0.5134249089486023
-0.9822560176709638	-0.20732763975887253
-0.6026337317067209	-0.3013879132214115
-0.037200145296135655	0.6539853511069471
0.09686664840706802	0.37930316600602815
-0.7509984598567454	-0.45588885641538185
0.11580680324811846	0.5949253882747714
-0.45425415843195266	-0.546213001041917
-0.3732441357609143	-0.6193039111372343
-0.8156656057286938	-0.5163064865423509
-0.8087485209816649	-0.6435366594569212
-0.6268377067544613	-0.6636998641733098
-0.3608119925234103	-0.48926074763748495
-0.6559874012951226	-0.43420174468043937
-0.1897573103707398	-0.0027640531389563133
-0.4173220008440838	-0.15988487709548244
0.012930516788953711	0.1747894665501026
-0.42792451316524294	-0.31708549985338813
-0.6745636444356841	0.3033344211716775
-0.4284178119093865	-0.2465073630439867
1.3655328429991953	1.194117165966628
-0.5997073247951547	-0.18146079654860958
-0.5174116354338546	-0.2880893602211827
-1.0045130827672948	-0.4050082239726274
-0.40187968915602773	-0.3972246707361508
-1.3755925066322	-1.134974504001711
-0.6633198870459531	-0.3353198641291094
-0.07758218988153427	-0.029367951850142137
-0.5046218622546085	-0.22371791990952886
-0.9769155148726669	-0.371962236835377
-1.044937995057656	-0.31556263437605475
-0.5234718374042755	0.13921431814187507
-0.9675193092412478	-0.7723926432555335
-0.27251830450730313	0.05357255548348252
-0.7813225429828068	-0.3341602974348109
-0.6276939859968229	-0.4959479616593977
-0.4418039562055646	-0.6303824388680573
-1.0669993534896554	-1.04233822569028
-0.19382689015387186	-0.23219755300778597
-0.7378135483513464	-0.36325699369060865
-0.406429925526984	-0.3566430823256086
-0.7231837554633278	-0.2751525188758037
-0.7533229310929066	-0.5430087244405355
-0.5948186871865252	-0.24298183929885817
-0.9460769841170278	-0.6617244943052863
-0.10644429886632902	0.31503220842659124
-0.21688276905396617	0.34291011304760655
-0.25671296319838305	0.5233953602860144
-0.4524261664175857	-0.40743131558970974
-0.8872553070258075	-0.3523064079151467
-1.2142905211258936	-0.364292354827928
-0.29233204016178116	0.2871857000974449
-0.3275887184883378	0.11698229728075961
-0.21250769885151294	0.11196015925459755
-0.9176090989376637	-0.5377724622236788
-0.651381981378944	-0.14887696269133052
-1.2376333100003882	-0.46597570375142716
-1.3945428308883214	-1.2154667033562305
-1.1891519633539382	-1.0060310932263252
-0.8114731055510651	0.03348016120286173
-0.9388918187701711	-0.5555304275680638
-0.44924464487005306	0.025839977668796966
-1.6440610847882016	-1.61798938547778
-0.4274477490686586	0.19316419305764182
-0.6214048588953005	-0.3346873539299967
-0.9770006699074107	-0.8544461784836073
0.7191882879249956	0.9491771375108897
-0.5014910822178906	-0.14689786712434472
-0.05674473541262636	-0.060748673273590376
-0.5290250726320563	-0.20818507006954132
-0.006651262389415321	0.5504740897510161
-0.42186081912119583	0.1618256448632342
-1.091316090017667	-0.7205268052004083
-0.23935512537573309	0.09960569409662344
-0.0733871489381641	-0.006966389103667587
-0.47207657418527227	0.3930114501754736
0.7290626656115315	1.078967525364592
-0.1766027047858477	0.3761197480641618
0.625134199944643	0.8955943238403183
-1.013368670119509	-0.7035769818635054
-0.6946817823593318	-0.05064683188781149
0.2448578200084112	-0.12235077711252057
-0.3847756953231738	-0.7145875462248007
-0.6199608285126695	0.027897340805029633
-0.26464712893964737	-0.24339475629853183
-0.43062766358843935	0.030573682114938213
-0.6941596902198638	-0.27577454174677113
0.7289391842610369	0.70800344160897
0.2807155100351616	0.723373755550166
-0.8054459423266229	-0.6441365779953129
-0.5782131230999423	-0.2224900118938236
-0.23298991434026192	0.45668704315453557
-0.6044559024615525	0.25352458981435716
-0.4847154549315684	-0.16163669341710568
-0.6197779470268524	-0.06215558613299533
-0.1269326517139441	0.2553199501333376
-0.35864549441146987	-0.12436812492426699
1.3500823391396692	1.3630345744374974
-0.3627667865193124	-0.3523596891347903
-0.7546192020479444	-0.10072453328650142
0.23743871107344042	0.2715119197773279
-0.6588224952492544	-0.3713640230601484
-1.1662274215567385	-0.8211996131262664
-0.6241665125771358	-0.15446579265761762
-1.0853858069649052	-0.2060608265379278
-0.23037920922998506	0.4604962552467604
-1.0809088306434684	-0.23014520483343714
0.6063601011231851	0.8349774371709092
0.8019655736515158	0.7639999906353464
-0.24817402253811519	0.2826468134203061
-0.811917460760019	-0.38165479247485834
0.09065251055641264	1.1663397408836298
0.025960090840772037	0.5458787062899868
-0.6918374466633069	-0.2818888824360277
-0.7236649511858642	-0.45931448267748115
-0.8758753402962437	-0.5365172453670509
-0.4989018877775573	0.19613315610873772
-0.7774143434858815	-0.23951786308929915
-0.5608055432965108	-0.22721060710587074
-0.43939876867447947	-0.038274644373759555
-1.1906205182830452	-0.5387131692052938
-1.0620414039798232	-0.6497299978760951
-0.3500373918123524	0.2727796029811339
-0.7114767692981799	-0.33367012100481536
0.03666866339100261	0.18094656265846235
0.130622086633601	0.7630742626512513
-0.26158526694815326	-0.49394510043089174
-0.6601155365482275	-0.4185289171856203
-0.016983321959837507	0.40089658174930354
-0.13308571484800885	-0.16747584288606873
-0.15788051260822739	0.22060484089921414
-1.1517347534562283	-0.97585552385294
-1.3879197112002193	-1.1391784355124308
-0.5975075104343693	-0.19206712580738275
-0.5959975380453848	-0.26595968177377005
-0.12838818929850268	-0.07353827586417915
-0.637411962210251	-0.2655049702729702
-0.6790459354473505	-0.5102019963569653
1.246721669247305	1.3982530114663605
0.3511440857712777	1.0662737580744557
-0.30293557573307145	0.6172864118544743
-0.4555808788899085	0.30636292873338405
-1.5341849527642266	-1.0157828560906952
0.3053532533102443	0.46167595102242126
-1.5855483064885865	-1.4030988283984143
-0.3174115478540023	-0.3295316747471979
-0.5754363373543557	-0.7778253586803607
-1.4713131108154895	-1.080006697738165
-0.0185738323870719	0.10078523370349599
-0.9870135572440405	-0.7522418591462887
-0.6470251419331763	-0.1539907497704138
-0.32518544584045384	0.33738135227454935
-0.21320975666393666	0.03282168461683124
-1.0437379048052473	-0.22220695390435993
0.03976484416051308	0.16159136460168744
-1.2330336285132626	-1.2212677376369763
-0.6198393568552949	0.2711449091251609
-0.7835236388262998	-0.1924214299731428
0.764170809927754	0.9096354873338668
-0.8517697324846417	-0.0685892025453631
-0.4056577446051315	0.04909186083815983
0.05545142264124751	0.35807449877461006
-0.7782422592054801	0.022766935031488106
-0.7778579272442807	-0.03865207817170575
-0.4236111818206465	-0.11885743831506061
0.05141045131861234	0.01704732913799133
-0.8203543267091654	-0.051050513952310826
-0.6698779940927752	-0.30120742911734155
-0.7109154237546208	-0.6258023575676758
-0.7819493144121611	-0.6393966181859103
-0.22038761312532998	0.22571413391878595
-0.6921421030887757	-0.49016143552112873
-0.3589650306986002	0.14647447220938237
-0.8438203878439428	-0.697399308709691
0.5144179930672429	0.8606911307546737
-0.9382201319504218	0.04498285185182021
-0.7352147770074505	-0.2809651176508622
-0.15187302377214046	0.08711153599332254
0.36692770778157574	0.4836279905755679
-0.9211212107111058	-0.47610770371895117
-0.7281238156970946	-0.5523486412251013
-0.4069940616397183	0.8983497236120069
0.7371143800842546	1.4574197546443068
-0.858126553983168	-0.4964119126340604
0.29629047279100074	0.5854949278598348
-0.23784594009360696	0.1128728150082203
-1.2211304876683904	-0.9313240206180802
-0.4972332270427402	-0.8324603045384773
-0.5706298761929555	-0.621317587260908
-0.521887846454536	-0.2569671583891561
-0.3086192377754434	0.5067459267647159
-0.7129220479699644	-0.26558500780963096
-0.72783221754603	0.09314585430480526
-0.41083749849260465	-0.14042601175184652
-0.19983112108304127	-0.025875333498615774
-0.22119567879365995	0.30563670792774744
-1.1214065129708535	-0.7499703459673444
0.018292918745556316	0.016105257884275876
-0.8014329477579463	-0.07758374144742629
-1.2391824870184698	-1.0023372454779038
-0.7235734601361796	-0.5926520117676758
0.09101767847882133	0.7378399369616292
-1.1283846478059405	-0.2858488846688291
-0.6174525808033706	-0.10432525731857152
-1.1985514615567534	-0.28902372989752734
-0.043033349952833144	-0.12248868191422885
-0.26514494328447524	-0.07225851187668123
-0.4841696246016369	-0.39314650210604263
1.150106046323543	0.9831182107189366
-0.05886242006638468	0.4315751423945516
-0.4613916712952399	0.0558737465961847
0.5191358578294459	1.0257690818678025
-0.040232667223235985	0.28252971461928184
0.5764887719715539	1.142746591620665
-0.1506271240015237	0.5428898366639119
0.3623071811859322	0.6799660674141839
-0.05149376806553803	0.29630625814310513
-0.18873285616293478	-0.03095141121049058
-1.0354815109898792	-0.5005593570925005
-0.9637208718486668	-0.39791118338577036
-1.0805382907031436	-0.7918316169128717
-0.25755676859621696	-0.3837657716318646
-0.879165774046845	-0.15843546981352236
-0.21757864349026543	0.18892778884582945
-0.1382359007070899	-0.3702253135737166
-0.9805236886784102	-0.23300027326358436
-0.4860903057950294	-0.25439608808973313
0.23129951726224787	0.8288246754024987
-0.5972493216392263	-0.05160886074454903
-1.0197860166715491	-0.2177358970968195
-0.42355267964809445	0.0361457018932061
-1.1184027895512336	-0.7019625069958596
-0.18809385353004918	-0.2030017706379474
-0.13474884666940903	0.23774330174893615
-0.282494274253053	0.06722872066443768
-0.36218932610578525	-0.17860958109350908
-0.9767807239429005	-1.0013746597440885
-0.7761280686302122	0.07469165039230448
-0.851380209105699	-0.34482512950790767
-1.2106437984676648	-0.5497272775500159
-0.9520015707210104	-0.3745383063113786
-1.0816559055749007	-0.4383324830098255
-0.4458266464966263	4.561366700381531e-06
-0.6043484614595438	-0.05418883482079851
-0.7979036770619339	-0.14057436972878856
-0.2083850970039436	0.48751889558974926
0.6313165804079693	0.8607492859004208
0.31858856590852414	0.9426756833085457
-0.15282223442036005	0.5443605345419554
-1.088646447398856	-0.27883439801755316
-0.41403687156104607	0.06689223830151868
-0.5050413484813314	-0.4736113076289662
-0.5117616048024125	0.16725382533987998
-0.2489924328447348	-0.003363194683842407
-0.578252742821123	0.2417981936411787
0.2169328444883044	0.8850323087890892
-0.32513406454666793	-0.2654571101646764
-0.17030979899686866	0.1733595846164263
-0.9890036149867059	-0.37547517906151906
-0.9016986417693968	-0.8341475007655416
-1.0764737043291357	-0.3047674073510175
-0.6340276163950569	-0.20516714828063384
-0.6472244331863799	0.07834764085933484
0.25480271163499696	0.41975091639491274
-0.11993603957436964	0.356176322942504
-0.6081247662662432	0.027445260466110268
-1.2859527617755218	-0.8830544637868241
-1.4831505264947547	-1.1798565385668858
-0.016115249183290728	0.3870631894457122
0.519322330838467	0.8910640472910727
-0.2935150626764319	-0.1737915163621788
0.057739050247282486	0.4203669484062848
-0.39578744472020944	-0.2602934562506814
-0.21536154464274795	0.2854211343910971
-0.3659990507539213	-0.24673927934082857
0.1623115008491493	0.29985409678177155
-0.630083719300528	-0.39380283032839436
-0.5125657501217661	-0.2708866156956128
-0.16265515280496737	0.14200436457484952
-0.9857072746515887	-0.5187497837165058
0.1597093745044157	0.9092182214436119
-0.572144013306809	-0.13543264180616238
0.16439956436950048	0.6744414567988786
-0.5891800848294504	-0.2915228586895441
-1.385296156999388	-1.0903168185561103
0.2050454823731631	0.2450696646026659
-0.14872374150609546	0.3019511396693111
-0.958896894719976	-0.4065274801713221
-0.16271793704945697	0.022120182718869306
-1.0516411558483905	-0.8611938923737158
-0.7350721603676308	-0.011240573321011377
-0.5882610807690792	-0.34450713196792376
-0.7891526925087472	-0.3272655316694041
0.31997311692139774	0.4907588860792038
0.2578063054069115	1.136974005941321
-0.973938631299148	-0.5166902391304258
-1.212878870328028	-1.0228129567476658
-0.21742551023454965	-0.0773391592649403
-0.4932415035630676	-0.12220819150747482
-1.1357166779111698	-1.0103375372134307
0.49468261307870615	0.4743378585786643
-0.5024496726905376	0.4987512131235155
-0.9755549621634897	-0.2902262677560327
-0.6801027259672526	-0.3208891574324412
-0.5162163894563419	0.0799070680810483
-0.8066774968799671	-0.16067140669196897
-0.5189573549425578	-0.1271470944184503
-1.0248140305862754	-0.8231224339181815
-0.6255365672138546	-0.525039868345439
-0.635236651555457	-0.8011798794802909
0.6138175954680789	0.7999667132504023
0.31370666522500046	0.052984566579815914
-0.534045574842837	-0.28918442526433324
-0.5480530370027624	-0.7192163239600685
-0.366807892030856	-0.06624803189829132
0.2564784736983209	0.005199784917781395
-0.4483587722828212	0.27545908254231544
0.2394123164350995	0.6298755872552925
0.13479540310615995	0.3735791451257278
-0.740463783301911	-0.33782242462654777
-0.8554445147501588	-0.4424723185095674
-0.398806699160486	-0.19191491086428825
0.26526340872503423	0.6089193232951655
-0.47749079272599293	-0.29239378666842814
-0.24488608176720258	0.08657310690915519
-0.4300429885139204	-0.3506409331680718
0.6513923776195703	1.1773561989268113
-0.8446918597571275	-0.48620417161675666
-0.4156132858585986	0.12579356992061846
0.01662461585109025	0.4995351323708663
-0.9985399869254892	-0.47509821742865843
-0.553207327398048	-0.04406157612440748
-0.9603790961296378	-0.4059866089905043
-0.7715729934204217	-0.2786222021502261
-1.2129512648605438	-0.37341503912988266
-1.0311265290479183	-0.3713614031721782
-0.8062374652479412	-0.6270174595526232
-0.24398878114555766	-0.054522048384059205
0.047090444409709026	0.32883828528315906
0.047801943303732504	0.644788734195866
-0.7606816967751598	-0.7554484140935152
-0.4145505745136023	0.09586834669850836
-1.084689441690252	-0.6514896652074504
-0.1803563310604995	0.02918903487149646
0.10349539444941472	0.23434788034705314
0.16494845342321512	0.733481850562382
0.29380991171655013	0.15899424505536588
-0.652524424166248	-0.060002919731737055
-0.9223041390023962	-0.08573267819300878
-0.262248697062752	-0.38622715922239836
1.1499327058230029	0.9826785249799171
-1.1730498053555214	-0.7918068592266261
-1.1761739162371865	-0.7225677953001514
0.2505416044730386	0.8601772514420026
-0.33957969849157915	0.006000851470283929
-0.3329748541194604	0.7938135187096798
-0.16033964677639273	0.03291506482691429
-0.9855821351483668	-0.7599069284898083
1.140349050255245	1.265496353981958
-0.4671550713544391	0.3923608809485599
-0.2839128889415514	-0.42756547687691937
-0.3328739906617954	1.0478450961627999
-0.2526071409174095	0.013811064746318455
0.09278533985060503	-0.1940084296256934
-0.3219809467210286	0.4037924950566536
0.8384526079200455	0.5893552069509481
0.15830885031548128	0.07333658195662099
-0.8540527407426273	-0.39354834885823337
-0.5340503334978393	-0.2268403925505016
-0.7147691500119937	-0.06915766328356338
-0.6088716610905198	-0.28194298039348853
-0.35679684065462464	-0.027588375784245705
-0.7882133427579197	-0.09861364243291622
-0.8038486770380064	-0.27885151466310176
-0.5223744325870768	-0.05486347693762875
-0.9112476217083821	-0.5817652155412739
-0.07724221347406429	0.19717812824797995
0.712236373710919	1.1248965860467197
0.09169912483788424	0.1145595875822112
-0.7785894647539865	-0.35644293566057134
0.1252246399337106	0.24791274187348594
-0.4142890470918103	-0.04007474677162935
-0.6386062922414149	-0.37908436732774115
-0.8030473827486396	-0.4884946236434655
-1.030184384484288	-0.8729676511913982
-0.38351467311654186	-0.002937857280676368
-0.9579063330482086	-0.5988641078588256
-0.978084622607229	-0.72378492020712
-0.605334205132978	-0.451606016237292
-0.5507288508968031	-0.2797058062260767
-0.5820996679490393	-0.6031344545670444
-0.6009542548393862	-0.5418653175488104
-0.742977451577549	-0.3458191990084566
-0.13380305010462484	0.27693542127351556
-0.6595217130948633	0.273943605707855
1.0058576288202312	1.0199009008799245
-0.6047643564922228	-0.7840808704691687
-0.5076874013855399	-0.07604832932086664
-0.035353791640934024	0.9691565083294121
0.175299556586899	0.3214728305659174
-0.7912532276777242	-0.5521717051298888
-0.7746587088620407	-0.017462082910776146
-0.35671475828873656	0.03482633140722723
-0.873765056594617	0.11385429804389571
-0.723783450867206	-0.3296972967276853
-0.10119947452292709	0.4052324572760445
0.3929909575132171	0.8127491426703559
-0.7594926521787952	0.5494842635191147
-0.3530218906095538	-0.14709389987452248
0.9334417205221384	1.2754583409146913
-0.20683925504900114	0.022184458632822483
-0.14118859007878712	0.6855397079968476
-0.7375873791807518	0.22338600803575495
-0.035183295881944326	0.316358738545608
0.7124856554097847	1.3901422474052756
-0.3262599911611791	-0.8459872571179097
0.783590702519953	0.5288611652427728
0.4238443486159398	0.6111661041915787
-0.882837355116663	-0.5639634835961717
-0.9138331896633795	-0.5274360193101194
0.11722040514099152	0.5929655569826964
-0.35461152736591367	-0.20091931791635614
-0.8159605645659509	-0.7539085479979246
-1.0451258541717376	-0.8958153007211682
-1.459143917362443	-1.0317630466805319
-0.9454479261919161	-0.636291919685576
0.14192047606194677	0.8418757084909574
-0.45578827232575114	-0.20921650561845756
-0.9612899701144207	-0.6745163195905259
-0.31021492930446737	0.1493986835746993
-1.0922387064978947	-0.4873144547633686
-0.5962426142876003	-0.07024540749436081
-1.0970971998329309	-0.8892085372634233
-0.7924767775773808	-0.6836364113261502
-0.4262551122901934	0.3702520883848991
-0.8681577652459367	-0.12669718634762242
-0.8171768296748818	-0.5370296447774194
-0.8574995534941553	-0.6803783952335167
-0.7300992110566121	-0.5190238065373581
-0.9543484479636508	0.23164227871865092
-0.5392259446492672	-0.48563945037505835
-0.5741064735903556	-0.0056973828995461225
0.41725364800103076	0.7221227191785774
0.2920405268567097	0.9213413276526793
-0.8641520553753971	-0.7966180210920843
-0.4861948013047431	0.05062774207472163
0.29852147547255803	0.6123855167347914
-0.6278283225979867	-0.05443746916929983
0.004763192581476196	0.1841022478043452
-0.9598923411816329	-0.2367425663423584
-0.35258441116302736	0.04695443982421185
-0.28605491466684607	0.15185255585776083
-0.5886235501855374	-0.40783984766754805
-0.6361001272016572	-0.2532638831135172
-0.5971206827877145	-0.14810937161331986
0.5765376434652194	0.8913898062589997
0.1566102652419847	-0.07109452708569605
-0.6667922417008462	-0.007251938332723157
-0.3802417654921832	-0.10921765080689645
0.049719677437486245	-0.05417880747367014
-1.0099470345497035	-0.8387666488378192
-0.34678461164773194	-0.31547088340119
0.04800719183657921	0.03809828768802024
-0.055331387208881755	-0.07109150333933535
-1.0541306425302204	-0.9223516765364769
0.14057365358369175	0.6035738056756124
-0.011669650008031779	0.11063124935303832
-0.7298446175790836	0.19895612062092674
-0.678729515357802	-0.5683021687612034
-1.3708759938492332	-1.17097777498616
-0.809073064258252	-0.6783659167025897
-1.247742799849332	-0.9998580525257666
0.07831311537681873	0.4582290124811644
-0.802152292288541	-0.5039167573704474
-0.13840425577467474	0.15439389992170435
-0.36404341790594663	-0.21770261570213945
-1.2697196628507208	-0.8622466318803234
-0.7289465507350837	-0.3550807645918927
-0.5744931214017777	-0.22160495772716995
-0.9466069807608914	-0.6217643469180899
-0.7228485099291095	-0.46087409757687753
-0.756571440410058	-0.4210618631029288
0.16505066489974685	0.21948000022239525
-0.008295695621143136	0.13330519666759663
-0.8541469301549819	-0.42283485765722933
0.17163555853051177	0.42678469514327605
0.7010892490468654	0.9645656973939708
0.36377837014381037	0.7561673921396235
-0.12208430691464628	-0.0789849858444116
-0.16979214919343963	0.05759978623707125
-0.8056354750419754	-0.8115275341558239
-0.29278471087211344	-0.036429489636128576
-0.8403444220815172	-0.12823327859806483
-0.7995650205106728	-0.6140344368852505
0.29161885167799356	0.2959855816322126
0.2869608759209392	0.4498168079586202
-0.8646074967345144	-0.1002953559071861
-0.1510975063208712	0.30925837268504325
-0.049871793512473526	-0.010656564373740076
-0.2548557932897038	-0.24733261749239913
0.1372714436227803	0.5062219210972637
-0.6872455983932944	-0.3513562765043468
0.2729512117515392	-0.11210728436290043
0.5919077322619213	0.8118129153073732
-0.33344284109103167	0.5495335048810231
-0.5805923441271686	0.03293166197685836
-0.7307726798569899	-0.3744992405617481
-0.24837859038235868	-0.1683680134613799
-1.1906715686569953	-0.39887325237199056
-0.6912118205684656	-0.47310633965427445
-0.36690093778650257	-0.30701612940456213
-0.7302273332870381	-0.5133741176539321
-0.39025066466314273	0.0954154147794856
0.25300637565200973	0.04732854928541294
-1.0795079361177702	-0.37070865269507813
-1.2119940900134316	-0.7019461781713113
-0.384557316113951	-0.28299537502827526
-0.7133082814693105	0.022122695791526256
-0.46139403832513015	-0.13701610857418567
-0.47035137711747166	-0.2866715136788134
0.3647412050787491	0.6692338242083578
-1.2174060955229826	-0.2141127717790963
-0.3347929983920137	-0.16712304272200723
-0.4600392555768963	-0.1174064174779016
-0.2802111644431793	0.01248407990389997
-0.3473962184788365	-0.1753209121135718
-0.8693925247975307	-0.41200430685685097
-1.0112237495232712	-0.35618633285599816
-0.25252962970751863	-0.4606052149660481
-0.3506368102109375	-0.1543803884649666
0.08611279638393578	0.697069419176135
-0.36675546278645504	-0.23810065574768643
0.45479384753695734	0.5700793091760644
0.09676856870735896	0.7471443433593901
-0.8291708058038744	0.07336142070921699
0.330351836305364	0.9599343524445686
0.11865452747778793	0.24945059335717945
-0.4155269893711424	-0.38415416592118856
0.1902728618649318	0.3091918463406544
-0.40879213790764063	-0.11339255406354283
-0.39777019219760434	0.35547523479048504
-0.29729990069598095	-0.18544857471047826
-0.6183368788521263	-0.33449729481414375
-0.379629447922048	0.03922820938921634
0.21002339352875407	1.0456508604882984
0.2512152975961269	0.673135839557448
-0.3455691572235483	0.008436897867645413
-0.7668483389382817	-0.700909085223684
-0.6728727192791748	-0.2564689520609126
-0.44225829840756414	-0.16892146874212904
-0.7743657229475267	-0.1508997415724953
-0.4722298603082358	-0.3146278690498237
0.08207958562224177	0.34541492197105783
-1.3931483538785383	-0.2868469986514678
-0.38976904786186883	-0.4768768312276007
-0.35261473601529486	0.03654161164581059
-1.1832416186121328	-0.958708658702461
-1.0410776557142516	-0.8435566021241913
-0.3007038223124189	-0.1507992375327455
-0.6478286168442473	-0.4854462657826427
-0.28923476246243696	-0.0704746164440584
-0.43524828090209583	-0.07096860693770754
-0.32554701550164106	-0.08704251444366734
-0.6955853082750652	0.025633504200278046
-0.6765237067304005	0.3624043327191739
0.16020521355936432	0.11603457772938457
0.12098087530647006	0.25284102131473063
-0.27864208800225454	-0.10931388558041935
-0.18408132370529479	0.1652749770894558
-0.6924298663587509	-0.7887321590840193
-0.7968882938494194	-0.36090306049130005
-1.1294042279631764	-0.8682347649921017
-0.5965208406597778	0.33203624818806543
0.41024184014635234	0.6223408207888842
-0.6452723167870703	-0.5822329604197912
-0.8090570422566581	-0.11960037015181835
-0.2347336139172186	0.1921594041641319
-0.6811025131697955	-0.3052899256941123
-0.5104680808162899	-0.18655624997211112
0.4942067008462428	0.5857220527204027
0.0707986997470984	0.3457218580209325
-0.8219983878317332	-0.46864149919323966
-0.6228167646586035	-0.2981168320781508
-0.8161499173315797	-0.22264697300114114
-0.32565471631628023	-0.19862499504877976
-0.6288881305935059	0.14329839946226505
-1.1779576898471813	-0.6725410718475993
-1.0340023664931255	-0.7197696707799419
0.4539235930560323	-0.012278068095716008
0.6279135232032867	0.628905531210451
0.011743069431889377	0.015288431178906072
-0.3577483739565825	-0.1705615727547499
-0.5924369195344098	-0.5473073942151909
-0.3544512870977633	-0.060403405753112864
-0.07480369196394815	0.6660464470105277
-0.06339054701345762	0.2513065414120622
1.0705228453470723	0.9837014429363572
-0.7483732983827028	-0.34792083549119357
-0.7764745852053591	-0.5432343748124954
-0.5041034675880532	-0.2536530760420421
-0.3936021790998658	-0.4110094122374428
-0.7818344301817585	-0.23649069285940627
-0.21651466243030193	-0.18238214405523656
-0.5209079061169224	-0.16124054555604247
0.23543631890759859	0.281935312308546
0.32077775752497734	0.726338892946123
0.5145761813385383	1.0503753925114463
-1.3190665513900355	-0.9525720221474373
0.5352212812650963	0.839829583507713
-0.752680980606114	-0.34666638056863724
-0.2860850399128204	-0.10255158009309923
-1.0061157827444809	-0.5769071386100344
-0.9545831654937376	-0.8848517071527411
-1.571814018799147	-1.5859439302350034
-0.1894564027185468	-0.06596237946303196
-0.7224377819643657	-0.585333776853876
-0.4607397784946908	-0.10198333735162586
-0.5677937605957291	-0.5091447485012848
-0.1751215394905002	-0.056382684096497715
-0.9657758614674582	-0.2232994572070869
-0.26434695478277104	0.4371680069317393
-0.48087064086379083	-0.5017737434541822
-1.0711801530860268	-0.21011907372168157
-0.9403430133297777	-0.1359168463574468
-0.7762758705637769	-0.3984255368926998
-0.5194287540995046	-0.3221957848346822
-0.7280771010363156	0.10999102124663314
-0.0699278772625895	0.03500622854840545
-0.9682284869785035	-0.3373778368493265
-0.18797750331089366	0.5986297087813552
-0.8180739274814148	-0.41474150464796317
-0.2483605322761214	0.11251364344151582
-0.41811776197816375	-0.3277886527844145
-1.2455765812720685	-0.9037914408892259
-0.5845401075709533	-0.0360505154922292
-0.5904648765222584	-0.19441732419789595
0.9605075782588827	0.24709456312732853
-1.255965075050801	-0.7014857670845442
-0.41759220929830804	-0.06741869740031688
0.08670517657297207	0.3240443007763652
-0.8856370902248769	-0.33398240125455186
-0.27991812750269757	-0.12555282630638423
-0.8613783774051418	0.3012010289803838
-0.22562883869280018	0.04845444973403308
0.2159863006405272	0.6583499747373406
0.2568678259020722	0.5286928306872447
0.017672591082497795	0.0361421313180988
-1.3826417050144597	-1.017702087183283
-1.1468519314201142	-0.7603113111158644
-0.47590910814945964	-0.34296346767518526
-1.2866517978083334	-0.7089220903464791
0.2459085669137171	0.6846725391863887
