-1.3903885708621568	-0.7485755471643623
-1.5726352100862568	-0.7085021927791435
-0.6355887163217064	0.8623758040206234
-0.8245390939809335	-0.555573707317997
-1.1853171972382033	-0.6067487992908017
-1.6009884477645568	-0.9924674646556797
-0.6372001651528333	0.09185260266766303
-1.0854346182880121	0.12391197284164554
-1.12395159873204	-0.9537164800506944
-1.12395159873204	-0.9537164800506944
-1.2317540380824943	-0.8492280033454321
-0.8788923699817875	-0.4866592208975663
0.08493414167138692	0.6076368367714629
-0.39535200174031565	0.5939024225171504
-0.4289590957761938	0.18896861503483484
-0.547243214726646	-0.6119257106296432
-1.3316932101968895	-0.9486877617368512
-1.0777250771043891	0.29906125123608307
-0.9384417247746045	-0.9357275713988692
-1.1720997964383164	-0.45832126694708275
-0.7643108120453347	-0.14252776275494314
-0.4996444156086291	0.14345289849769702
-0.8150157544901453	-0.14984502168531644
-1.1203401187903044	-0.33035020299442924
-1.575371048723676	-0.7819215757679749
-0.8025013154341661	0.34640432715655006
-0.9745346501882878	-0.5998690376078039
-0.9060486795115853	0.007864672511265946
-0.2798420278042093	0.2983700498830529
0.02285349408313915	0.7191888662667878
-1.0516823593817384	-0.9662115062860358
-1.4717717342641363	-1.3401399446788453
-0.6084451455057875	-0.03501886867059842
-0.9323794512217695	-1.2008296688246816
-1.441201860309992	-1.093855402374885
-0.2623970575062982	0.012158746067310012
-0.2784485053150189	0.768115844704553
-0.7562749004289706	-0.5016977662847412
-0.9993927639172804	1.0068048912355438
-0.2750786698596406	0.2903767080482978
-0.13595202299133402	0.7617170946466649
0.04839079610813214	0.2751474994269961
0.3190990517126338	0.23354674244874218
-1.2661966810738812	-0.7028820903130433
0.6934380210028563	0.8836695339782454
-0.8266483473560831	-0.3787690031104717
-0.5761193546816452	-0.033164045934238065
-1.3913458095750606	-1.1612479296237441
-1.3832076660436592	-1.2023708674588305
-1.0588053283821912	-0.4639139587763718
-0.15681453120586977	0.023232304822155953
-0.681201684568315	-0.5147383530485246
-0.846446790060304	-0.22695171809944792
-0.9151760653073896	-0.14107499884602287
-0.03930643797939231	0.5788721687619034
0.07129242380679815	0.20909986119882043
-1.11839365822781	-0.31168426354235995
-1.1384578350122525	0.9253854730584993
-1.2724777506286533	0.07351476708505754
0.45754499387946135	0.3516898200852915
-1.3251371750997272	-0.9726646506940817
-1.187986452217603	-0.6684236253961815
-0.8276374766459685	-0.3899607990459198
-0.9543216930510443	-0.211183559954123
-1.1784334619391224	-0.5411715297097656
-0.8968643242369752	-0.5290594993586636
-0.725210218061893	0.34801205777288197
-1.3949025045299597	-0.20669876436327322
-1.0259532486441305	0.1784614230501802
-1.3165606324824584	-0.7715839075842208
0.420358002047188	0.8490058013190538
-0.7768296147766797	-0.43264524256187614
-0.8678552777575216	-0.4566340310068965
-0.2538452777571622	0.7114442727050252
-0.6899226312874098	-0.2903060694901858
-1.1799416764667106	-0.9255844680130688
-0.10040367218622774	-0.15301322890733815
-0.7031789588380938	0.17083885235000723
-0.8908507056026205	-0.524415801099929
-1.3955134037120884	-0.5857700667970157
0.1323301752733481	0.4933536748349436
0.17601505726340239	0.31264180368265676
-1.196585442735377	-0.7150997696617266
-1.5210733475376423	-1.3445718581934827
-0.9334998819840044	-0.3022394448548892
-0.09206712405046404	0.6421168995959781
-1.2349515345408955	-0.6883066368029901
-1.351479617346594	-0.8497529680751943
1.021911764812918	1.593107922657691
-0.024431748945451727	0.27631766076053904
-0.5871821546380191	0.06381348407566442
0.21305173284385065	1.4079675958695823
-0.9475187820472804	-0.6994872782916127
-0.8696290501819589	-0.12271687730358248
-1.3786066975095692	-1.1303304412175696
-1.0336667522443426	-0.3701414191326706
-1.05913145668639	-0.8925889144947651
-0.8444316044010979	0.37066152535809493
0.3752619766793849	1.1139352644750724
0.03988705166562911	0.5063358018757793
-1.2347846270624598	-1.14426695697412
-1.6524143635799529	-0.9456135343018881
-0.09262434555858737	0.43575074135520747
-1.0756122104492722	-0.3460613590992278
-0.7643580327157061	0.21533843318294965
-0.18637597613580437	0.2891322861956005
-1.3342679630249736	-0.6149199145735904
-0.6855203575280531	-0.34721511765614615
-0.49362904952465314	-0.6152172422556171
-0.47937416581964937	0.8506414683204843
-0.7475508035648486	-0.3592805597931262
-1.1697582001467308	-0.8114988781945572
-0.9174869776100371	-0.9201485420569413
-0.6869017010747805	-0.15134130436991639
-0.07575023917483659	0.952194589013938
0.05494028798845224	0.6004815417141892
-0.2949668981841853	0.356171408608675
-0.8303046790730628	0.282593726558806
-1.3106291895982096	-0.8841774743608364
-0.9896119640031276	-0.7584656226920259
-1.1155460456670294	-0.8390903594248272
-1.5724594651645634	-1.0909794844452279
-1.5411970641489878	-0.6823778593304434
0.5353493545173672	1.2797944531977201
-1.0523354132915217	-0.2579287575317427
-1.3948668395015846	-0.9602861973455142
-0.9524672957668794	-0.6999396733299103
-0.7929306547517809	-0.4960947961052357
-0.8200332663248937	-0.26346419240392865
-0.905707075430614	-0.42728091891587056
-0.5993447974545419	-0.24646281086100374
-1.635933244767677	-1.2338266466044638
-0.7721111784355748	-0.0881365111779749
-0.388529677602224	0.28805771664699176
-0.04690270109240899	0.15448017222131655
-0.22240790763699042	0.2467139701575453
-1.0947599242321209	-0.5960168213352527
-0.9095134692289423	-0.26647298300071853
-0.4870915700993643	-0.15203714784528824
-0.5312939095417542	-0.6141584010836845
-0.7803108162278348	-0.08048798833028904
-1.1203401187903044	-0.33035020299442924
-0.6165938488860695	0.16310461555823602
-1.0071870662235136	-0.4920963670342692
-0.18819976081057588	0.39271827740066645
-1.2904572505701886	-0.1431115235485516
-1.2622677051288766	-1.1873498941771203
-1.6260806622785833	-0.9341127127314134
-1.6102410478574567	-1.237802211665191
-0.48121975746214285	0.22159768036306063
-1.1139984438612556	-0.6222426489884105
-0.2819132429021399	0.7727684175345191
-1.0296273022306917	-0.4399769475636626
0.40719777613280506	0.8710709519429737
-0.5956481316705446	0.7082451274410935
0.2899275635083792	0.8918263509987073
-0.029270971479354268	0.7403841933637735
-0.7472458150261845	0.8753734175318867
0.749435292133533	0.3467163899994416
-0.5438535969281623	-0.19968796344226147
0.05557642365758187	0.5742672485508956
-1.4769353856251892	-0.7295565910524583
-0.3006854891084028	-0.08320684706326302
-1.359562273703943	-0.7314592632503355
-1.0955116649558363	-0.5382306978594008
-1.2575331697752234	-0.5229144692416634
0.16206259378831983	1.2935239101636389
-1.2826836634059062	-1.0072772438919468
0.22970360714988203	1.0680261186329785
-0.22134043327941408	0.3674073396351258
0.27948381936728284	1.0722247709849329
-0.813905160572505	-0.4523495227437438
-1.0509954921275355	0.3829357070551145
-1.120396820840188	0.25529830414547716
0.7126470030096568	1.1744968764898958
-1.432203425754663	-0.5985101715878549
0.6878772768938184	1.165762276492234
-0.9423992726519506	0.07319962328748027
-0.20538059635878575	0.11355572289931827
-0.8242576148976878	-0.5435390910824769
-0.997996054598359	0.17292146537577638
-0.6978103557533317	-0.1555879504860331
-1.5219741722910864	-1.1905328099854637
-0.6420031258672406	0.9639583117641857
-0.01865124140949584	0.33547604125007985
-0.3130616957025852	0.5429028363601754
-0.6662527022337357	-0.06452561103228079
-0.11265924637336501	0.1475588553867739
-1.4493328254810225	-0.9284662804702064
0.22234863941811903	0.5935770826030212
-1.0467803229908974	-0.5514645889065385
-0.37390797748020543	-0.39074548426637656
-1.4949016590514441	-1.0972945382560753
-0.5780206112608204	0.04256115911998038
-0.06972169332084503	0.9110399570723328
-1.2204268656361896	-0.97876748423277
-1.5142779237857462	-0.988306421159603
-1.345813540449394	-0.8363080851308788
-0.6139019415471437	-0.3371353690320943
0.25150247154399324	0.8452146852164257
-1.1251756646247393	-0.6385395036938973
-1.5101020132125058	-1.1137434657729934
-1.0538385616526877	-0.4418264252085947
-0.7697596981585403	-0.26443367140748675
-0.8694688582247128	-0.838136701239237
-1.1316322102457943	-0.2474608102643313
-1.0080833274552163	-0.7058174718890221
-0.9928342842176282	-0.391129288775397
-0.49630866262719286	-0.4606950240283823
-1.0843211270656143	-0.09461877268755492
-1.5308199499736792	-1.282526367966461
-0.9446716941044725	-0.17317355713684993
-1.2017081762722874	-0.7443456366232352
-0.8175735079729008	-0.619729606766185
-1.737190546138629	-1.4371985188080567
-0.8564418448763582	1.471348077568027
-0.879803019950636	-0.1264386145295978
-0.5452183060176229	-0.07776418568763675
0.06495554374866921	0.423119485511168
-1.4221991249887103	-0.8857149377332791
-0.05312921771558431	1.1565991909107993
1.1052419818491568	1.1095470984055174
-0.6281808319262527	-0.21126163391562355
0.11276765338028882	1.1012696914600248
-1.026851764199577	-0.1603888010043186
-0.45929542634850956	-0.029239347832042
-0.08478692700953529	1.0415612140763784
0.5959072128381211	1.2830838223694636
-1.44066100521852	-0.9600678743454714
0.8173919466637496	1.1424599463724157
-0.13354046585568238	0.3304431840699059
-1.5337038592123635	-1.4117750208725262
-0.7293046904583398	-0.42209473040434975
-0.4154273887046442	0.6052841618100164
-0.5163454550076981	0.31393751609205556
0.388631808053561	1.1819470605412645
0.3717211910602847	1.1959262341207095
0.34541479132674857	0.40293486868752687
1.0017534003909079	1.7041047001709153
-1.1785977002315318	-0.4888166253123303
-0.8579629057735364	0.38964816605094255
-0.2769664397944739	0.490480959776734
0.40810600467864483	1.2655956498720786
-0.6854727653753405	-0.649261049212008
-1.2992547772587306	-0.9220755566518064
0.1662947034903988	1.3460906564201043
-0.8405842913984908	-0.19243918299740154
0.9251446853713993	1.2258310556804985
0.5138368779669337	1.2277545433027077
-1.3946329848464285	-1.0163265510267063
0.6485309728500813	1.5080684414734808
0.5277656030339533	0.46583591214088804
-0.4848933015632835	1.188445986960934
-0.7386952338253429	1.2405626946332335
-1.3079002598933827	-0.8669772290965683
-0.6103078599553816	-0.020900317728526158
-0.6786195164799032	-0.07285378297048037
-0.38789492813213355	0.38226230636383923
-1.1973047102117604	-0.7185833210026672
0.40719777613280506	0.8710709519429737
-0.5855443820053627	0.4011787637624751
-0.53817189035963	-0.09687252209714001
-1.3444743563177943	-0.9415577659946907
-0.5807414826447294	1.01669670998357
-0.9091286814291663	-0.7631874945993907
0.33109882025888854	1.1254616464199747
0.1651735901079229	1.0746167037525882
-1.4259333516683388	-1.2145928867353666
-0.6057086142657753	0.5461310487349635
-0.31225835104986355	0.08533571787199351
-1.4927418619154824	-1.1910230059735787
-0.47315526339028413	-0.2768320366985488
0.48643822029713657	0.42960050580757364
-0.6518943055831179	-0.8470828229113141
-1.1660942833720076	-0.6671659908533796
-1.4632148360744728	-1.0105994970208898
-0.5154278131161733	-0.3117508638647813
0.48643822029713657	0.42960050580757364
-0.2545476083620527	0.5541343669434768
0.5055014016770594	1.2853379931004858
0.4131690883108765	1.3348760966827093
-0.281505430504303	0.7045900792743695
-1.110802062997021	-0.6248451850073303
0.8892445866713197	1.4482765570341427
-1.1340737554703963	-0.5901629212150158
-0.2501113151346405	-0.4773025163690792
-1.4178370533176259	-0.8082437978103084
-1.0587499984563467	-0.9854293097610307
-0.08785397487138331	0.9068766303388529
0.9495627070279722	1.5737210507027342
0.013735124577629132	0.9669171095959019
-0.332506975548312	0.30587301500208985
-1.2266112441179886	-0.8624449688501445
-0.2725121875139632	0.39323142392932386
-0.39225074404070004	1.0197701583845304
-0.08785397487138331	0.9068766303388529
-1.054981271995593	-0.7508129266363512
-0.8237538978744166	-0.04855102044226943
-1.3251143654357602	0.1791924616323116
-1.2224540771256631	-0.6866950275427394
-0.4610157913007824	0.5302823166365608
-0.10253785697547822	-0.17132019565339207
-0.8026113865826151	0.5562387127111508
-0.5312939095417542	-0.6141584010836845
0.03367657814470395	0.48615709200220625
1.1968431707793665	1.4165584268940954
-1.2511100587806234	-0.6367377533742984
-0.8966511083540034	-0.48319819254966406
0.76878860325399	1.0802705685584835
-0.8222492018095495	-0.5278779295059822
-0.4259519661407155	1.0440523967159399
-0.5135752836181074	0.16431583896857213
-0.20063480465516925	0.5947030899565855
-0.8487898159786718	-0.7204004261063872
-0.5120216410105148	-0.13327766698262028
0.8278366876937601	1.1825248311415677
-1.272692146471275	-0.33005952433106023
-0.4372549570031012	0.4546281602536375
-0.24049685130823004	0.031927039496259774
-1.309063497097542	-1.0415880867764986
-0.7470841482057586	-0.16685670228686325
-0.30501509552439404	0.013824603132104483
-1.3681670394054504	-1.039382192955725
-0.38055123568199467	-0.160429641562238
-0.47324752109641843	-0.19488175872989258
0.5226122644618987	1.1941945552445856
-0.819564789827738	-0.18527414229819775
0.04742031192059107	1.176649074369162
-0.003858450421162326	0.2652892666531457
-0.8958934470302781	-0.3722583950196105
-0.025721001517297407	0.40315591453823035
-1.1547308429872418	-0.5895818825433757
-0.5658130908834805	-0.11482303821311743
1.316497024772249	1.5884841681022832
-0.3047217035748974	0.2080653312803345
-0.024431748945451727	0.27631766076053904
-1.3150602491854475	-0.5850882948199964
-1.4536847245008637	-0.801304050866102
-1.1037909461439244	-0.15663548724799387
-1.2177139437881725	-0.9166945360884287
-0.9802264568400387	-0.3014401252943797
-1.6590518426865404	-1.411039962382566
-1.3666143429619715	-0.831796458861532
0.8639250270959263	1.3779540092709561
0.2843038937161929	0.7883991709881889
-0.9291977778859628	0.032102006555897185
-1.4927418619154824	-1.1910230059735787
-0.7468157338387859	0.27025526997322896
0.6078903738593592	-0.2146681890595597
0.8343894125544276	0.9432642088734372
-0.5021800947223789	-0.48630501991809416
0.6580466029149599	1.4236070578498978
-0.14048737540144507	0.24185307278722568
-1.0884277957930117	-0.3549942601135108
-1.237959660571583	-0.7278644415913009
-0.2323155353075109	0.9473956479017264
-0.6566164488237536	-0.20949392244233722
-1.1547308429872418	-0.5895818825433757
-0.33103286399773246	0.3068048445705591
-1.3666143429619715	-0.831796458861532
-0.3667014141647849	-0.12828052107313226
-0.8790680884808262	0.109892760467863
0.06472195529769673	0.3136009420889952
-1.3128847421119934	-0.9614562182842916
-0.9449252007863259	-0.4332612258033054
-0.43145341434909895	-0.3313263049388393
0.5630056828395934	0.2942043936968239
-0.5001999213767826	0.0029402944807610065
-0.9290862378738379	-0.6144746363927828
-0.2920982220735509	1.15618377851476
-1.2892970743400747	1.3376269469729183
-1.0801756145533812	-0.5377779309868429
0.40897282489610576	1.4715660812941096
-0.8239077793252757	-0.5259050743971072
-1.3277241718926063	0.09290918482455549
-1.1183012144825022	-0.44319383774557564
0.0889589450207358	0.515193991024236
0.5357472732529224	1.4167815743185437
-0.6721852432641648	0.39668520479819497
-0.009072980200634535	0.8907926834810628
-1.1861150312625137	-0.7551700236177705
-0.5331474107368852	-0.24758725639289955
0.3674460113669279	0.418713161738921
-1.387664582955918	-0.6308660516026943
-1.640757838422106	-1.0125946507045738
1.2848096648361884	1.3432734283781305
0.32017527260168366	0.15124867022416746
-0.990641914369335	-0.7212828729857341
-0.2980187527539468	0.16569403593655824
-0.28755106257814556	0.05801083755385455
0.03133557708123707	0.3802921285916122
0.6664653865427911	1.2602712563627088
-0.21678594895796713	0.16414341958027892
-0.01658626654768178	0.773248411881177
-1.1422144211131207	-0.4088239547268934
0.6695722415885412	0.6653703359249139
-1.3532348520636284	0.18429503546699735
-0.8989657978801051	-0.9309571990840789
-1.4852738666537542	-0.8067093834380047
-1.4814576485206172	-1.0053827077533286
-0.730592156149145	1.4393976666451707
1.127929966177364	1.5467084673022795
-0.8495563944146971	-0.08287364092883637
0.6981541752520163	1.2455213632513615
-0.8599008419213869	-0.49922261988098615
-0.8560697821070272	-0.3327214420306512
-0.5946738768307186	-0.29487124268545073
-0.981273989629752	-0.32472378233670157
0.5795531551635115	0.5293575885735098
-0.7682834095178622	-0.16881722906785782
-1.2093471628588892	-0.28699462840351936
-1.1663685642645856	-1.257063308026919
1.039506765392444	1.6641147623664816
-0.3382755283710004	0.8512323773520578
-1.1865569662690305	-0.8162960676232184
0.36032844089931126	0.7359061568555095
-0.3803643583721589	0.41157280896183024
-1.3867828437699694	-0.8129627913980376
-0.7769212879800458	-0.13974920763609341
-0.5874305809122787	0.7137060910766586
0.4070158470745221	0.7874898931660668
-1.4905171073661723	-1.0084402191704147
-1.3163233196526019	-0.6645412849526744
-0.8855361450957673	-0.16610105738563935
-0.030385814055442426	-0.5830910068427759
-0.34694449707281866	-0.1522760359054233
-1.412403755728292	-0.9463494799928467
-0.9843627390530476	-0.2610480875737146
-1.2024025489696917	-0.6948719646263505
-0.2938150350774798	0.7225187630469768
-1.1491081294920324	-0.5797859267539959
-1.0660481853600858	-0.37953499226764953
-1.3747029569582458	-1.186041922749218
-1.0086494814063547	-0.45870857573972473
-0.6428503700950822	0.24127843327251128
-0.869002685752042	-0.31974452041064444
-1.119536422902406	0.590576697041725
-0.8681256004005472	0.13885926315210628
-1.3762534032541345	-0.08835722308723389
-0.33824453498347506	-0.050961420518320616
0.7857019279401191	1.264114939153539
-1.3290369388362258	-0.16169629689614007
-1.4087120105794033	-0.6234326599266651
-0.2491680833798405	0.3647515949818521
-1.425554240568013	-0.5762438120922078
-0.8564544601230661	-0.6315598230260399
-0.04134086094409823	0.37933060948808045
-0.7045405955282392	0.6768661595287967
-1.5028264672262959	-0.7678869404347725
-0.5019110886118495	-0.40228360529312607
-0.9276650400787145	-0.6761043419714701
-0.14280958309951805	1.163815489211815
-0.3139752860886828	0.27929843180708674
-0.6506162482555186	-0.26253953327971274
-1.7084205128208594	-1.072101760816452
-0.5571005454568966	0.11609569103945337
0.8763671203637796	0.8652483916894655
-1.5101020132125058	-1.1137434657729934
-0.8804166803490596	-0.34307270189964034
-0.2549100633954486	-0.1834737190167933
-0.4951431761404281	-0.10885164473233745
-0.5267729641755952	-0.03623683705714783
-1.1935265800109547	-1.211521233499196
-1.6417829540478217	-1.2394202379614616
-1.3048988639601393	-0.9493519752560599
-1.5842611322305251	-1.60585747176904
-1.1806486408412429	-0.8309287443320656
-1.1818980422909884	-0.6945524133611081
-1.045453042948927	-0.6739140568007644
-0.2508914112968527	0.5959182364904867
-1.1148115308902842	-0.7941739288166573
-1.3356186786322422	-0.673783372665814
-0.17339891430151982	0.026098998164956335
-1.2367254606278524	-0.1564847057286667
-1.185909991069204	-0.8248291702318131
-1.3946329848464285	-1.0163265510267063
-1.0618640586403298	-0.4851108503673789
-0.8322247365735228	-0.5966648528500696
0.434721395840431	0.771767501984723
-0.43417530993868664	-0.44956680124057624
-1.3000119578154394	-1.2133123436697122
-1.2941828459241924	-0.973263263406066
-0.5645336439440616	0.29831921914198234
-0.9365559819408261	0.2023915787323246
0.21563740109385962	0.6057256418797143
0.7501545714475341	0.9758575263862662
-1.5038504629406484	-0.8441349461588656
-0.3937125757900296	-0.3152296164315345
-1.2777363033000233	-0.7257585909217374
1.3560681511737351	1.0740673192438073
1.173722775494977	1.288763496414369
-1.2124540538704494	-0.8935731988895679
-0.2938150350774798	0.7225187630469768
-0.5114041485792513	0.19242403758634385
-1.4358311621696	-0.5960777299586784
-0.7553655601411633	-0.14754371672810057
-0.6281808319262527	-0.21126163391562355
-1.7299728844355002	-1.5219094115847522
0.34331305067413503	1.3153580706707706
-0.8290507133236166	-0.18329508948265916
-0.7073372663678319	1.1898801096864802
-0.7367108961175848	-0.22526773708154627
-0.9522075084873323	-0.40634390113689006
-1.4038043442746264	-1.022807060535793
0.12746850885993732	0.5252346062934213
1.0704201844856747	1.039584633519082
-0.6621632294764567	0.6909459571818509
-0.0765347060006233	0.05072039936220995
-0.39560756149726073	-0.17759897303686403
-1.3044626296102413	-0.3868738570927245
-1.2577102274635925	-0.19404769199402297
-0.19098971340380774	0.8931181424988726
-1.7704461531294937	-1.1047512525239842
-1.0881870707899115	-0.15793672518142088
0.041696974127000914	0.22751169486170303
-0.9448254661370795	0.3086132466650897
-0.06596900782976504	0.9094032550086507
-1.3554684598761388	-1.2484442851968696
-0.8135075461488974	-0.11909392254659493
-0.9628691336276362	0.5650707624339559
-1.0069449482531263	0.02027738808646202
-0.18637597613580437	0.2891322861956005
-1.1529278242293257	-0.6985459466955724
-0.446587021146127	-0.40127294446118883
-0.14036861311427537	0.5086935892326938
0.4100613392190318	0.7248545830225065
-0.700941165319224	-0.18865073157282072
-1.0185942645101016	-0.7844441657323122
-1.3340477909056834	-0.8938127410349082
-0.7587154087788758	0.0760691995084724
0.12469724097388307	1.2504369217888092
-0.1600611235008557	0.9600994974924971
-1.613023870502987	-1.508373425507466
-1.1525794145317145	-0.43257695037370164
-1.382990299554237	-0.8416493791280263
-1.2617467322326026	-0.7273043950098066
0.0692005268210095	-0.03695785676912305
-1.310940376416393	-0.9224430534878528
-1.1004358887620491	-0.7284632827027153
0.5438060258832823	1.3546673372745794
-0.6581796467451314	-0.31182518285612504
0.16460838870385713	0.8191629644170768
0.6502291982504604	0.9207143003431707
-0.5773528563411119	0.08189139776188568
-0.30179106577669484	1.172393523484788
-0.9358956698589819	-0.7493655999081036
-1.1761319875840324	-0.9787545793830286
1.1844958208182925	1.6558371781109715
-0.9844713982680142	-0.8908075119210764
-1.5714410617134584	-1.257264507421151
-0.9646242398764614	-0.7936242057509855
-0.6063118124723111	-0.45566082931221613
-0.0008003938126484608	0.8064076416391902
-0.25614192957666865	0.336721600118738
0.39680628499191534	0.8388078629211163
-0.5066448000216754	0.07263841264588032
-0.11247032549549098	-0.1849350733108267
-0.31438996021836674	0.3485930384417736
-1.1219653383824835	-0.2337192340744088
-0.8173564117141167	-0.4182623591815175
-0.0032339258407693286	0.4591621138504094
-0.6750581330056912	-0.5503519314979549
0.2101874436962289	0.2946171151071245
-0.831814498427848	-0.709447259181067
-1.1749806890492258	-0.7335172994433677
-1.3502881796790316	-1.1391223521608222
-1.3962626210609088	-0.7624086509891852
-0.01455886954244611	0.5937348638526617
-0.4125609622543008	0.2193688671573149
-0.7489024800792903	1.0475193886020362
-0.9549586958436483	1.2430557433310254
-0.8290603334312384	-0.3326326964603829
-1.0838830132856865	-0.8102007354565898
0.48917644484603345	0.9546190274262132
0.5452257138099522	0.7224883201692099
0.07918190994685809	1.007881476398015
-1.7672052906837994	-1.137125223029102
-0.7735621428707912	-0.25408969551065874
-1.3899698456652887	-0.9205899576175526
-1.26972031883828	-0.5275460284961523
-1.1848142682136982	-1.3587715672585357
-0.9452403261091863	-0.8153347310087433
0.8973829403922886	1.200105820542711
-0.8855967074720663	-0.4150373127867784
-0.0375973738311444	0.47551636052161006
-1.2785016250054098	-0.9413318106688632
0.6462846630956743	1.4204982464464742
-0.6665070055331077	-0.07702163621073078
-0.24799523024539302	0.3916343014444767
0.029890773570740412	0.8947344174660349
-1.4090052683296912	-1.0386839614038943
0.7585462983776241	1.4292926312731973
0.189728239831424	0.9466277332214559
0.49824086637995685	1.055326427565203
-1.0886841437081047	0.09916915854876522
-0.01679607738094128	-0.08490271460827714
-0.43446065952375135	0.000359365020508301
-1.1164445006232588	-0.41529176487827296
-0.9886130014257412	-0.7019882946152085
-0.8541183892726971	-0.5546776627770297
-0.6823906973402756	-0.35837472785842256
-0.7943190751712184	-0.7150928190538653
-0.5797911351303667	-0.3597308485287072
0.0029034142705006627	0.6303207915774633
-1.158383838904789	-0.353039823980776
-1.0742465916801154	-0.6192719144010379
0.5254321951645543	0.7674803874955047
0.3330530795773993	1.1436424289700402
0.5620457967900214	1.1055605746092745
-0.9812054962676755	-0.22697221368562168
-0.6437070291497549	-0.018531672237363284
0.45250970271576546	0.9881649951718889
-1.0786162599785607	-0.7874834097857659
0.3853990078563077	1.1806939460047816
-1.7537421657468963	-1.197999885579814
0.31967001791618005	1.1176953960635456
-0.7760703520127017	-0.5933986404334957
-1.0632842144300942	-0.18002748067752147
-0.29725788508863177	0.31605503978785876
-0.18365550051862348	0.39319901105791283
0.14037239145964053	-0.09932464642102945
-1.809554674951701	-1.3692232289010962
-0.3694924731116707	0.08432352223891681
-0.3933261794913091	0.11753280515500548
-1.3348591125245948	-0.03855596718704163
-0.1789565065371202	-0.1600646008565225
-0.5704577175118689	-0.5339584183940789
-1.1324453498107585	-0.2823836501665096
-0.2485684435119275	0.5109748774181208
-0.0089596188033455	0.7979561015994965
-0.1842172406755944	0.49242916350857996
-1.46810339674001	-1.3893343944828707
-0.7049902161286387	-0.22176787034256454
-0.2715441581501788	0.4709598883629963
-0.21122441939599954	0.3757365199104674
-1.0961751268847304	0.029242824188336198
-0.7496819153858716	-0.5422430099165599
-0.7313083694696688	-0.35128240291377133
-1.4833148701204986	-0.9210185352409577
-0.6183918837551585	-0.51844280361316
-1.2526923957372664	-0.5722307889322036
-1.2667360179390499	-0.32528540195803385
0.014208141998857192	0.44427238265372837
-1.0622024113618769	-0.40737714877101877
-1.300538213390737	-1.1798017170396147
-1.181529830236288	-1.0579729637845672
-0.3079770838692099	-0.1905036515297499
-1.615535549954071	-1.4183711935735066
-0.987381490653211	-0.2680849146750459
-0.7429246097972606	-0.36054985224861347
-1.4587232107601575	-0.5248067018131094
-0.7346840730719126	-0.43245104595588796
-1.2375333359818042	-0.20871250459805102
-0.9930235022107644	-0.4392492520936231
-0.6868238237429173	-0.379791285274838
-0.49053963595929045	-0.16938318881156053
-0.8746930018723487	-0.27799771183098004
-0.7744229940585807	-0.2719925074499953
-0.5029122296969725	-0.21911306140238682
-0.5497396138651984	0.401856868847486
1.248880475691335	1.671685209395625
-1.5426894947926981	-1.1807817175463002
0.15661482967253568	0.4981384385873065
-0.3964762078090428	0.26759699060368236
-0.8603430566130915	0.5345048757646098
-0.9142760836325664	-0.24261443568750063
-1.4867374049049695	-0.8781624897152855
0.3276384948943874	1.3213704352819535
0.21131434955751466	1.433823765487883
-0.5155261352151622	0.11023950302600995
-1.3541009273042424	-1.1291724820642797
-1.1675517658687113	-0.23582794375327104
0.214587140874181	0.734648464181615
-0.6145515740446448	-0.767132401112612
-0.7177897901244831	-0.6545706708642341
-1.2026811984547494	-0.7385708159440514
-1.5790227307003035	-1.1493694584256906
-0.7762052434154385	-0.5233573005790052
-0.28120277197180343	0.41555490970817227
-0.19782687469114096	0.3737730750448679
-1.6016278526271985	-1.056476756055477
0.0069158170198399945	0.5021536046027705
-0.05726519475376458	0.2793117560181392
-1.2476862787067078	-1.0222926424048189
1.0037599326194182	1.1621184000247249
-1.5018277074605781	-0.8079787347322157
0.1469666035613293	0.712089535935953
-0.7119427914987074	-0.4439252497786792
-0.7925327528047043	-0.20825414052988095
0.11438092325789984	0.7487626598931427
0.09465883239699785	0.23893024005674413
-0.0575615085330491	0.1386912424160729
-0.7850610501722394	-0.5502297229953722
-1.039166502908892	-0.45393446500951085
1.0013744536318998	1.324327097961135
-0.8510094382846186	-0.35930779689510156
-1.2925400532878892	0.24354188115664516
-0.3230129133345144	0.31088830248390015
-1.1547121832710896	0.3528314217437157
0.15757600654644027	0.8979714026635977
1.0157484167234185	1.6894492583372733
-1.6979392613582958	-1.4489166351231857
-0.78723641574255	-0.5257103641253722
0.5297957601550568	1.1765030569915407
-1.4131373538988847	-1.190125088959884
-1.061892299618366	-0.12233217463751922
-1.424048808739792	0.7235806418749466
-1.0266758906833473	-0.7398021529571323
-1.413177921212918	-0.607594633212315
-1.417775184229723	-0.966973054063083
-0.6173991076503756	0.13360789960441147
-0.7408390773521584	-0.15164123248291592
-1.187986452217603	-0.6684236253961815
-0.5438535969281623	-0.19968796344226147
1.1207163313933564	1.0668553023295446
-1.7743302960197045	-1.3589410433473759
-1.1374114903767074	-0.3392228811431497
-0.8620160394301996	-0.5543691189999381
-0.4755758785716224	-0.19310753256398566
-1.2115408686621463	-0.6787742487615916
-1.238944017947799	-0.7204242645891566
-1.4323699355753818	-1.2675411370953615
-0.8834449399377408	0.7857688554231356
-0.7341967098965475	-0.42988968090114205
-0.8582503759248841	-0.6745757398129638
-0.15922312814682638	0.374308680150325
-0.7969849073532921	-0.4626801346182007
-0.7814383854910634	0.6660259236923812
-0.7260248893845616	-0.021942442294095654
-0.369548125202882	-0.2536426424157959
-0.37723359045944294	-0.10310189684434083
-1.4142546221133996	-1.1717301841229224
-0.882641355880247	-0.5716598538647207
-0.5713420704561099	-0.24284169303292147
-0.45789612942863445	0.20101908947422795
0.10707154004827546	0.2503823480832218
-0.05695081703113308	-3.6232322357944355e-05
-1.2489298435321141	-0.48190033188567366
-1.4597504126703769	-1.1610743366272465
-0.6545297418821052	0.12528275865993418
0.2074575727921625	0.8836741148048604
-1.0626579996058638	-0.8416651119136124
-1.0769366415229886	-0.6673006581659278
1.2991425405387322	1.1657535549764502
-1.301883000241402	-0.9547974566381209
-0.6453059715906581	-0.4560742303025183
-0.8009156304147598	1.0282446282781754
-0.8559862128411105	-0.5790781242177971
-0.12896297614289942	0.39959471207245867
-0.8890347409917543	-0.3613784910904708
-1.13504838217068	-0.917714833726435
-1.184201593359934	-0.6492575555237381
1.0878864012542742	1.6107736236393628
-1.0322434799820104	-0.4086225677737635
-0.3976295575420512	0.16598739005110558
-0.754358185753588	-0.27512258941382667
-1.2299197046081185	-0.5061070097852611
-1.3338101401301723	-0.39113123373083597
-0.3022381306037974	-0.3910334156504469
-0.645073931078909	0.0831273306622418
-0.3109873416676928	-0.046983783241817276
-1.5277596130638507	-1.0227696803795918
0.0881076878368288	0.5270668265610616
-0.49098212206342184	-0.2689828122197284
1.1457817987246328	1.6833794018087402
0.3376256510608226	0.4584953284185601
-0.018308282280448555	-0.24511227957385914
0.9251446853713993	1.2258310556804985
0.16798743820643758	1.0280480960629974
0.3177414644967702	0.23093708114418143
-0.1182770815140123	0.5782996661033432
-1.5277596130638507	-1.0227696803795918
-0.7098975411027773	-0.3530969705277827
-0.8131229597730024	-0.6083423331770837
-1.3539236150122365	-1.0911638946164415
-0.96461189019018	0.13235754592841134
-0.47315526339028413	-0.2768320366985488
0.9659666486034898	1.1592961570268396
-0.08683160686782931	0.25633411299972453
-1.1767502983042457	-0.4649809338042264
0.3636307022900122	0.8513071030516834
-0.39225074404070004	1.0197701583845304
0.5565701537211015	1.0503673312820199
-1.2657748215555233	-0.7228447861348717
0.3717211910602847	1.1959262341207095
-1.2413418547066783	-1.094975155393927
-0.5489842109822332	-0.08337380786961546
-1.346065862906067	-0.6487364160244203
-0.8628774240876705	-0.5475820916280282
-0.6537609978923704	0.07423400954652892
-1.6847494319267953	-1.0459372640241509
0.993745195835907	1.399240417807795
-1.4212240841894166	-0.8994233166442774
-0.8699126369944346	-0.17413708207754866
0.023627633609853257	1.1019768130698375
-0.1576252801900851	0.846440171411349
-1.3012490998637245	-0.598545068657556
0.5282775766474445	0.22045813338837705
-0.6836709701154268	-0.19377892666762872
-0.7976882446154008	-0.7081541186516688
-0.09326446499647353	0.302900410964365
-1.3126715873555042	-0.8805138898855306
0.9954838144118026	1.4951599029994187
0.306803119829041	1.4837054982979156
-0.9334290106609449	-0.11684227333801434
-1.1424806799342129	-0.8776117589685081
-1.5278514448868823	-1.4644860221941958
-1.1521116094346127	-0.2718684345770022
0.7190065941953816	1.1877828577315042
-0.4251550372006677	0.576485192559175
-0.827959174095642	-0.6409690299071077
-0.9549586958436483	1.2430557433310254
-0.2491680833798405	0.3647515949818521
-1.2153686790949736	-1.0857519964593634
-0.5871821546380191	0.06381348407566442
-1.0577744521965893	-0.1606686620164296
-0.31319684596747654	0.8448155188288422
0.5038811032345955	1.5365629226295041
-1.3558648881877942	-0.9131746154587967
0.04124462454474081	0.19148744061882553
-0.5439491692021077	-0.3208718503550789
-0.46044459690980377	0.3626515728382944
-0.9735314346371056	-0.20497113885900925
-0.25275820668539645	-0.04892619842582721
-1.4518983414417581	-0.7959269359528577
-0.8702932324192488	-0.4831540860961263
-0.39390312361635643	0.5722917444588557
0.38539161618296536	0.9908745245460491
-1.080217170124435	-0.7463698457341569
-0.2623970575062982	0.012158746067310012
-0.5627600210865937	-0.4301324459598151
-1.0589764338427063	-0.4668166474580304
0.18318886588283873	0.16461197674508304
0.8946962897455513	0.9022022956722675
-1.688877166222398	-0.9609756389031593
-0.7268211039870298	0.09158465265676413
-0.9306794708750814	-0.4159075067727965
-0.5658130908834805	-0.11482303821311743
0.16460838870385713	0.8191629644170768
-0.7303327472744042	0.06064456555279002
-1.2201979265291114	-0.8158893065200746
0.2206673230735238	1.0232650891766792
-1.5426894947926981	-1.1807817175463002
-1.4776928871208408	-1.1486103018772784
-1.1547444169489232	-0.9772550544113024
-0.8372392208274579	0.9477198664008674
-0.07531387178663547	0.42647182970316005
-0.7994480680995524	-0.03304030561615794
-1.3346275916684562	-1.119005262884721
0.37322439426393894	0.6452362204753319
-1.0321606975368331	-0.004876470803864103
-1.3007943011729073	-0.737272263064611
0.24914466890255932	1.0360656937222719
-0.07389152486733137	0.2132276616663789
-0.9992488075565328	-0.4518494988207693
-0.9802264568400387	-0.3014401252943797
-0.6592457558426813	-0.7514814494748345
-1.1623515908283903	-0.40661716574287926
1.1140091807018109	1.3039499147874418
0.6280726665375508	0.8722841278393331
0.4950803269960379	0.6010126282822277
-0.17494875283168568	0.34829876786561953
-1.41624742151646	-0.7529849953039901
-1.0355945999895275	-0.568060941066802
-0.02243927026789848	0.18335263509717709
-1.4369006803689521	-1.0437124423712039
-0.5171700405253999	1.128466277420208
-1.6554205319232729	-0.9757151795574358
-0.5530930236640734	-0.522908629739788
-1.2655079555216573	-0.6148397319002843
-0.779210731588387	-0.35928895186198784
-1.4869810080768673	-0.5692930967223825
-1.3456961881783556	-0.5162888934635773
-1.349456895606564	-0.918111593490738
1.144461607079986	0.8228131935329477
-1.1392742463268843	-0.57003557456964
-0.7121163524063618	-0.06072320158919105
0.08911923321359673	1.3277744057236613
-1.477703452966737	0.3959736578138796
-1.450103845577551	-0.5784915131666948
-0.9937598416686299	0.25562774796386234
-0.3182687462828396	-0.40637923235688644
-0.18215770672672654	-0.23391014573742272
-0.648007511552453	0.018313262606380134
-0.9818164991919598	-0.5210658052809466
0.12167513576531279	1.101370218545206
0.25515008192971345	0.6630345311579867
-0.00679281625540641	0.8063684141233618
1.0423348702813515	1.5164000025620485
-1.1752985472019097	-0.8427428901847578
-0.18888375423028803	-0.06336911977979484
-1.1724031686772856	-0.6352623703380881
0.705028737443692	1.1555456675709286
-1.5026171102559938	-0.37391743956331364
-0.30811025797068087	0.8723507548821436
-1.4406423126099828	-1.0574076207137753
0.15213069814772937	1.1891598540738033
-1.7473564475349987	-1.6214330632605778
-0.6185689916662983	-0.11090039472420453
0.5620457967900214	1.1055605746092745
-1.7284924424559618	-1.3304169412852365
-0.2697771081678899	0.2362274877113331
-0.21922708660889142	0.25385253366253885
-0.550152477313314	-0.3643657774556291
-1.4509116577271133	-0.4678359844023746
-1.7062504284356095	-1.4468183474689786
-0.8906098640414595	-0.3703679699509346
-1.131890306972777	-0.6278465209897576
-1.5676453396079355	-1.2140978444803967
-1.1673377041483541	-0.5323400472333888
-1.3379562599955799	-0.9440406383891363
-0.8109508784564059	0.3400613440548345
-0.8199449616011992	-0.02111358280185634
-1.3465416657124325	-0.261131019800206
-0.4289590957761938	0.18896861503483484
-1.1795882510780988	-0.8046439777557738
-0.6749867231165824	0.07723820258405785
-1.2936517871775293	-0.8097453629838705
-1.0612787476017518	-0.0035407809133525233
-1.0943507865707987	0.42738232858708103
-0.8875670843160481	0.07984704941628544
-0.8310978079943404	-0.22382669600572763
-0.070904986738862	0.498464252384887
-1.2043375822080102	-0.9677391483643194
-0.7519633021173402	0.6325593022811585
-0.22399474174629005	0.9280734157289803
-1.400892144106675	-0.7866818971009979
-0.49862116291004904	0.3074031920030856
-1.6692969506346218	-1.527608194356697
-1.0501847091888974	-0.26876239953704945
-0.2498140363063313	0.20408491581379543
-1.1274370976503536	-0.6441727708625334
-1.2872354545159506	0.8033697064562182
0.2582246531693422	1.4926505628468874
-1.4776928871208408	-1.1486103018772784
-0.7173127346459147	1.0426038775539772
-0.07902459509679118	0.8917868056433044
-0.988958140009897	-0.2370677214583971
-1.0585467795870669	-0.9814139713001944
1.0723609224231396	1.4925017509648077
-0.00512103801887979	0.4011630999892664
0.4030954707610695	0.4751704396854191
-1.2146689335600909	-0.43949832550025253
-0.07534233392871022	-0.06958988023516907
-1.5852042655127823	-1.3287176756221992
-0.2923424093427225	0.5148576492294682
-0.569941835831963	-0.07668840508342928
-1.5990551279488394	-0.9973745791264326
-0.43669239672857013	-0.020221424997102964
-1.227600184123562	-0.8252264604757111
0.02391781206993516	0.18137736103719598
-0.1594892106057473	0.6668612744095714
0.40197479315334567	1.2079487016563872
-1.220551411102344	-0.8709347338435757
-1.2330427268865747	-0.8308776264213215
0.12380350928476282	0.8865415217026801
-1.3731394009046936	-1.2482645068799947
-1.3013562199446973	-0.7479318914001207
-0.5567114666766282	0.17898533411753634
1.2216344622357687	1.715493268252813
-1.2047775117194555	-0.7277428139232828
-1.1278612069377087	-0.6522566227160471
-1.4128761734738742	-1.0856623026814556
-1.5406320926270687	-0.6392649001406878
-0.4042803686157377	0.2515915960924097
-1.154179233253867	-0.4457959749106924
0.21164314241143553	0.2996701713136478
0.8523464830963623	1.3849982551080775
0.34347876463501875	1.3403328440434696
-0.13572948669198667	-0.29526609557272604
-1.000516394231501	-0.4032569488263734
-0.5122348377440944	0.1316093000285284
-0.15401624509595843	-0.04848891422493781
-0.6938985087352307	-0.2746088086255315
-0.025721001517297407	0.40315591453823035
-1.0972839573252615	-0.8818186354118679
-1.2878133028212546	-1.0033393664431602
0.4340376817769185	0.4886463596678624
-1.6026493051750614	-1.3660558719874893
-1.157152630116306	-0.11664471152432486
0.6780236643421911	0.8016335119968492
0.6675572612440099	1.1881958674824091
-0.16472505880619795	0.5408291958570389
0.5235108406174199	0.7203597163465733
0.8586485870409154	1.08705654210576
-1.0547342157146642	-1.0034132205210606
-1.1925059148282102	-0.03925153114545008
-0.9642850858131253	-0.1992449668037487
-0.6804573363238247	0.050510741879735616
-0.1460321756397728	0.7679781473034069
-1.6197929274489287	-0.6806353656597162
-0.8372392208274579	0.9477198664008674
-1.2000007839878781	-0.5354509378393087
-0.8652252391651519	0.11714716818427724
-1.3221108202440885	-0.4203608451282233
-0.1669072200288221	-0.10967657674974797
-1.5544349164978506	-1.1269346831687976
-1.1349047710745646	-0.7621075699335249
-0.8898807005675097	-0.3184356371131482
-0.7599634125245829	-0.2207220538924964
